0.016 1000
0.016 1010
0.015 1020
0.015 1030
0.015 1040
0.016 1050
0.016 1060
0.015 1070
0.015 1080
0.031 1090
0.016 1100
0.031 1111
0.016 1122
0.016 1133
0.016 1144
0.032 1155
0.031 1166
0.032 1177
0.031 1188
0.016 1199
0.016 1210
0.031 1222
0.016 1234
0.031 1246
0.015 1258
0.031 1270
0.032 1282
0.032 1294
0.031 1306
0.031 1319
0.031 1332
0.031 1345
0.031 1358
0.031 1371
0.031 1384
0.031 1397
0.032 1410
0.031 1424
0.031 1438
0.031 1452
0.032 1466
0.031 1480
0.031 1494
0.031 1508
0.047 1523
0.047 1538
0.047 1553
0.047 1568
0.031 1583
0.031 1598
0.046 1613
0.046 1629
0.046 1645
0.046 1661
0.046 1677
0.046 1693
0.047 1709
0.047 1726
0.047 1743
0.047 1760
0.047 1777
0.047 1794
0.047 1811
0.047 1829
0.047 1847
0.047 1865
0.047 1883
0.047 1901
0.063 1920
0.063 1939
0.063 1958
0.047 1977
0.062 1996
0.063 2015
0.062 2035
0.063 2055
0.063 2075
0.078 2095
0.078 2115
0.062 2136
0.078 2157
0.079 2178
0.078 2199
0.078 2220
0.078 2242
0.078 2264
0.078 2286
0.078 2308
0.094 2331
0.078 2354
0.094 2377
0.078 2400
0.094 2424
0.094 2448
0.094 2472
0.094 2496
0.094 2520
0.094 2545
0.094 2570
0.093 2595
0.094 2620
0.109 2646
0.109 2672
0.109 2698
0.109 2724
0.109 2751
0.125 2778
0.125 2805
0.125 2833
0.125 2861
0.125 2889
0.141 2917
0.125 2946
0.125 2975
0.14 3004
0.14 3034
0.156 3064
0.156 3094
0.156 3124
0.157 3155
0.156 3186
0.156 3217
0.156 3249
0.171 3281
0.156 3313
0.172 3346
0.187 3379
0.188 3412
0.187 3446
0.187 3480
0.187 3514
0.188 3549
0.203 3584
0.203 3619
0.203 3655
0.219 3691
0.219 3727
0.219 3764
0.219 3801
0.235 3839
0.234 3877
0.234 3915
0.234 3954
0.25 3993
0.25 4032
0.25 4072
0.265 4112
0.265 4153
0.282 4194
0.281 4235
0.282 4277
0.297 4319
0.297 4362
0.297 4405
0.312 4449
0.312 4493
0.312 4537
0.328 4582
0.329 4627
0.344 4673
0.343 4719
0.343 4766
0.344 4813
0.36 4861
0.375 4909
0.375 4958
0.375 5007
0.39 5057
0.406 5107
0.406 5158
0.422 5209
0.438 5261
0.438 5313
0.453 5366
0.469 5419
0.469 5473
0.485 5527
0.484 5582
0.5 5637
0.5 5693
0.516 5749
0.516 5806
0.531 5864
0.547 5922
0.547 5981
0.562 6040
0.578 6100
0.593 6161
0.609 6222
0.609 6284
0.625 6346
0.641 6409
0.64 6473
0.672 6537
0.672 6602
0.687 6668
0.719 6734
0.718 6801
0.734 6869
0.75 6937
0.75 7006
0.782 7076
0.797 7146
0.813 7217
0.829 7289
0.844 7361
0.859 7434
0.875 7508
0.906 7583
0.922 7658
0.922 7734
0.953 7811
0.969 7889
1 7967
1.015 8046
1.016 8126
1.047 8207
1.078 8289
1.078 8371
1.109 8454
1.125 8538
1.172 8623
1.187 8709
1.203 8796
1.219 8883
1.266 8971
1.281 9060
1.297 9150
1.343 9241
1.36 9333
1.391 9426
1.422 9520
1.453 9615
1.469 9711
1.546 9808
1.531 9906
1.579 10005
1.625 10105
1.641 10206
1.719 10308
1.718 10411
1.734 10515
1.75 10620
1.797 10726
1.844 10833
1.86 10941
1.922 11050
1.953 11160
1.984 11271
2.031 11383
2.062 11496
2.094 11610
2.156 11726
2.187 11843
2.235 11961
2.297 12080
2.328 12200
2.375 12322
2.422 12445
2.468 12569
2.532 12694
2.563 12820
2.625 12948
2.688 13077
2.719 13207
2.797 13339
2.828 13472
2.906 13606
2.969 13742
3.016 13879
3.172 14017
3.203 14157
3.219 14298
3.282 14440
3.343 14584
3.422 14729
3.484 14876
3.562 15024
3.61 15174
3.703 15325
3.781 15478
3.844 15632
3.938 15788
4.031 15945
4.062 16104
4.188 16265
4.265 16427
4.36 16591
4.438 16756
4.516 16923
4.625 17092
4.719 17262
4.813 17434
4.891 17608
4.984 17784
5.125 17961
5.219 18140
5.328 18321
5.437 18504
5.563 18689
5.656 18875
5.765 19063
5.875 19253
6.031 19445
6.14 19639
6.25 19835
6.375 20033
6.5 20233
6.641 20435
6.766 20639
6.922 20845
7.046 21053
7.187 21263
7.328 21475
7.5 21689
7.672 21905
7.812 22124
7.953 22345
8.141 22568
8.296 22793
8.437 23020
8.609 23250
8.781 23482
9 23716
9.125 23953
9.344 24192
9.515 24433
9.719 24677
9.937 24923
10.109 25172
10.312 25423
10.563 25677
10.75 25933
10.968 26192
11.218 26453
11.469 26717
11.641 26984
11.875 27253
12.109 27525
12.375 27800
12.594 28078
12.859 28358
14.687 28641
13.422 28927
13.656 29216
13.938 29508
14.188 29803
14.531 30101
14.812 30402
15.093 30706
15.438 31013
15.703 31323
16.11 31636
16.36 31952
16.688 32271
17.016 32593
17.391 32918
17.734 33247
18.094 33579
18.375 33914
18.86 34253
19.234 34595
19.547 34940
20 35289
20.422 35641
20.828 35997
21.172 36356
21.656 36719
22.094 37086
22.578 37456
22.984 37830
23.437 38208
23.844 38590
24.422 38975
24.968 39364
25.406 39757
25.875 40154
26.453 40555
27 40960
27.531 41369
28.14 41782
28.672 42199
29.234 42620
29.828 43046
30.484 43476
31.063 43910
31.734 44349
32.266 44792
32.922 45239
33.625 45691
34.296 46147
35.031 46608
35.656 47074
36.39 47544
37.14 48019
37.906 48499
38.656 48983
39.422 49472
40.187 49966
41.109 50465
41.922 50969
42.781 51478
43.593 51992
44.453 52511
45.406 53036
46.25 53566
47.719 54101
48.25 54642
49.218 55188
50.141 55739
51.235 56296
52.172 56858
53.312 57426
54.437 58000
55.593 58580
56.625 59165
57.672 59756
58.875 60353
60.063 60956
61.36 61565
62.563 62180
63.812 62801
64.922 63429
66.406 64063
67.625 64703
68.953 65350
70.453 66003
71.782 66663
73.296 67329
74.797 68002
76.172 68682
77.922 69368
79.391 70061
81.094 70761
82.547 71468
84.204 72182
86 72903
87.688 73632
89.516 74368
91.375 75111
93.188 75862
95.016 76620
96.844 77386
98.938 78159
100.781 78940
102.922 79729
104.937 80526
106.891 81331
109.578 82144
111.766 82965
113.891 83794
115.86 84631
118.453 85477
120.844 86331
123.109 87194
125.797 88065
128.187 88945
130.625 89834
133.438 90732
136.031 91639
138.828 92555
141.563 93480
144.406 94414
147.344 95358
150.234 96311
153.375 97274
158.328 98246
159.657 99228
162.984 100220
166.047 101222
169.453 102234
172.985 103256
176.281 104288
179.688 105330
183.625 106383
187.407 107446
191.047 108520
195.203 109605
198.844 110701
202.89 111808
207.063 112926
211.406 114055
215.765 115195
220.032 116346
224.515 117509
229 118684
233.39 119870
237.969 121068
242.968 122278
247.734 123500
253.485 124735
258.157 125982
263.265 127241
268.828 128513
274.281 129798
279.765 131095
285.531 132405
291.234 133729
297.031 135066
303.078 136416
308.923 137780
315.437 139157
321.781 140548
328.266 141953
334.766 143372
341.781 144805
348.766 146253
357.094 147715
363.328 149192
370.016 150683
377.844 152189
385.485 153710
393.641