0.015 1000
0.015 1010
0.016 1020
0.016 1030
0.016 1040
0.016 1050
0.031 1060
0.016 1070
0.016 1080
0.015 1090
0.015 1100
0.016 1111
0.031 1122
0.015 1133
0.016 1144
0.015 1155
0.016 1166
0.015 1177
0.016 1188
0.031 1199
0.031 1210
0.031 1222
0.031 1234
0.031 1246
0.032 1258
0.032 1270
0.031 1282
0.031 1294
0.031 1306
0.031 1319
0.031 1332
0.031 1345
0.031 1358
0.031 1371
0.031 1384
0.047 1397
0.031 1410
0.032 1424
0.031 1438
0.047 1452
0.047 1466
0.031 1480
0.047 1494
0.047 1508
0.031 1523
0.031 1538
0.032 1553
0.047 1568
0.047 1583
0.047 1598
0.047 1613
0.047 1629
0.047 1645
0.047 1661
0.047 1677
0.047 1693
0.047 1709
0.063 1726
0.062 1743
0.047 1760
0.047 1777
0.062 1794
0.062 1811
0.063 1829
0.063 1847
0.062 1865
0.062 1883
0.063 1901
0.062 1920
0.062 1939
0.078 1958
0.078 1977
0.078 1996
0.078 2015
0.078 2035
0.078 2055
0.078 2075
0.078 2095
0.078 2115
0.094 2136
0.078 2157
0.078 2178
0.078 2199
0.094 2220
0.094 2242
0.094 2264
0.094 2286
0.094 2308
0.094 2331
0.11 2354
0.094 2377
0.109 2400
0.109 2424
0.109 2448
0.109 2472
0.125 2496
0.109 2520
0.125 2545
0.125 2570
0.125 2595
0.125 2620
0.125 2646
0.125 2672
0.141 2698
0.156 2724
0.141 2751
0.14 2778
0.125 2805
0.141 2833
0.141 2861
0.157 2889
0.156 2917
0.172 2946
0.171 2975
0.172 3004
0.172 3034
0.172 3064
0.172 3094
0.172 3124
0.171 3155
0.172 3186
0.188 3217
0.204 3249
0.188 3281
0.204 3313
0.203 3346
0.203 3379
0.218 3412
0.219 3446
0.235 3480
0.219 3514
0.234 3549
0.235 3584
0.234 3619
0.25 3655
0.25 3691
0.25 3727
0.25 3764
0.266 3801
0.265 3839
0.281 3877
0.282 3915
0.297 3954
0.281 3993
0.313 4032
0.313 4072
0.313 4112
0.313 4153
0.328 4194
0.328 4235
0.328 4277
0.344 4319
0.344 4362
0.359 4405
0.36 4449
0.375 4493
0.375 4537
0.391 4582
0.406 4627
0.406 4673
0.407 4719
0.422 4766
0.437 4813
0.437 4861
0.437 4909
0.468 4958
0.469 5007
0.469 5057
0.5 5107
0.5 5158
0.515 5209
0.515 5261
0.531 5313
0.532 5366
0.547 5419
0.562 5473
0.562 5527
0.578 5582
0.594 5637
0.609 5693
0.625 5749
0.625 5806
0.641 5864
0.641 5922
0.672 5981
0.688 6040
0.703 6100
0.704 6161
0.735 6222
0.735 6284
0.765 6346
0.766 6409
0.781 6473
0.797 6537
0.828 6602
0.828 6668
0.843 6734
0.86 6801
0.891 6869
0.906 6937
0.922 7006
0.937 7076
0.953 7146
0.969 7217
1 7289
1.015 7361
1.031 7434
1.063 7508
1.078 7583
1.094 7658
1.109 7734
1.14 7811
1.172 7889
1.188 7967
1.219 8046
1.234 8126
1.266 8207
1.282 8289
1.313 8371
1.328 8454
1.375 8538
1.39 8623
1.422 8709
1.438 8796
1.468 8883
1.5 8971
1.531 9060
1.562 9150
1.594 9241
1.625 9333
1.656 9426
1.703 9520
1.766 9615
1.828 9711
1.829 9808
1.859 9906
1.921 10005
1.937 10105
1.984 10206
2.063 10308
2.094 10411
2.078 10515
2.11 10620
2.156 10726
2.188 10833
2.25 10941
2.281 11050
2.344 11160
2.375 11271
2.422 11383
2.485 11496
2.531 11610
2.578 11726
2.625 11843
2.671 11961
2.734 12080
2.797 12200
2.844 12322
2.922 12445
2.969 12569
3.015 12694
3.094 12820
3.14 12948
3.203 13077
3.281 13207
3.343 13339
3.422 13472
3.484 13606
3.547 13742
3.609 13879
3.907 14017
3.953 14157
3.843 14298
3.937 14440
4 14584
4.078 14729
4.188 14876
4.25 15024
4.343 15174
4.438 15325
4.531 15478
4.609 15632
4.703 15788
4.797 15945
4.906 16104
5.015 16265
5.11 16427
5.187 16591
5.312 16756
5.437 16923
5.532 17092
5.625 17262
5.781 17434
5.875 17608
6 17784
6.14 17961
6.25 18140
6.406 18321
6.5 18504
6.609 18689
6.766 18875
6.906 19063
7.063 19253
7.188 19445
7.313 19639
7.469 19835
7.609 20033
7.781 20233
7.922 20435
8.094 20639
8.266 20845
8.422 21053
8.61 21263
8.766 21475
8.953 21689
9.156 21905
9.297 22124
9.516 22345
9.687 22568
9.907 22793
10.125 23020
10.282 23250
10.5 23482
10.719 23716
10.937 23953
11.156 24192
11.375 24433
11.609 24677
11.875 24923
12.094 25172
12.344 25423
12.562 25677
12.844 25933
13.11 26192
13.438 26453
13.641 26717
13.89 26984
14.172 27253
14.453 27525
14.766 27800
15.046 28078
15.344 28358
15.672 28641
15.969 28927
16.328 29216
16.625 29508
16.968 29803
17.328 30101
17.625 30402
18.016 30706
18.375 31013
18.75 31323
19.14 31636
19.531 31952
19.891 32271
20.312 32593
20.734 32918
21.125 33247
21.578 33579
21.968 33914
22.437 34253
22.891 34595
23.39 34940
23.875 35289
24.313 35641
24.813 35997
25.312 36356
25.828 36719
26.312 37086
26.89 37456
27.906 37830
27.985 38208
28.562 38590
29.109 38975
29.735 39364
30.312 39757
30.906 40154
31.516 40555
32.203 40960
32.86 41369
33.454 41782
34.141 42199
34.875 42620
35.562 43046
36.344 43476
37 43910
37.781 44349
38.5 44792
39.281 45239
40.109 45691
40.907 46147
41.765 46608
42.656 47074
43.516 47544
44.328 48019
45.328 48499
46.156 48983
47.125 49472
48.078 49966
49.125 50465
50.062 50969
51.078 51478
52.094 51992
53.172 52511
54.219 53036
55.281 53566
56.468 54101
57.578 54642
58.875 55188
59.984 55739
61.14 56296
62.422 56858
63.797 57426
65.11 58000
66.375 58580
67.734 59165
69.031 59756
70.469 60353
71.812 60956
73.343 61565
74.765 62180
76.344 62801
77.828 63429
79.406 64063
81 64703
82.734 65350
84.328 66003
86.125 66663
87.875 67329
89.671 68002
91.437 68682
93.406 69368
95.39 70061
97.297 70761
99.328 71468
101.328 72182
103.359 72903
105.453 73632
107.484 74368
109.765 75111
111.984 75862
114.297 76620
116.61 77386
119.015 78159
121.422 78940
123.938 79729
126.453 80526
128.875 81331
131.782 82144
134.453 82965
137.015 83794
139.719 84631
147.313 85477
145.609 86331
148.469 87194
151.797 88065
154.547 88945
157.625 89834
160.89 90732
164.063 91639
167.469 92555
170.953 93480
174.219 94414
177.796 95358
181.516 96311
185.031 97274
188.969 98246
192.687 99228
196.532 100220
200.469 101222
204.625 102234
209.078 103256
212.813 104288
217.391 105330
221.516 106383
226.109 107446
230.672 108520
235.578 109605
240.172 110701
244.954 111808
249.828 112926
257.672 114055
260.438 115195
265.609 116346
270.829 117509
276.204 118684
281.61 119870
287.344 121068
292.969 122278
298.906 123500
305.109 124735
311.187 125982
317.531 127241
324.125 128513
330.828 129798
337.375 131095
344.172 132405
350.891 133729
358.032 135066
365.375 136416
372.281 137780
380.078 139157
387.641 140548
395.141 141953
403.328 143372
411.625 144805
419.625 146253
428.656 147715
436.704 149192
445.406 150683
454.562 152189
463.234