0.016 1000
0.016 1010
0.016 1020
0.016 1030
0.015 1040
0.015 1050
0.016 1060
0.016 1070
0.016 1080
0.016 1090
0.016 1100
0.015 1111
0.016 1122
0.031 1133
0.015 1144
0.016 1155
0.015 1166
0.016 1177
0.015 1188
0.015 1199
0.016 1210
0.016 1222
0.016 1234
0.016 1246
0.015 1258
0.015 1270
0.015 1282
0.016 1294
0.016 1306
0.016 1319
0.016 1332
0.016 1345
0.016 1358
0.032 1371
0.016 1384
0.015 1397
0.031 1410
0.031 1424
0.032 1438
0.015 1452
0.031 1466
0.032 1480
0.031 1494
0.016 1508
0.031 1523
0.031 1538
0.031 1553
0.031 1568
0.031 1583
0.032 1598
0.032 1613
0.032 1629
0.032 1645
0.032 1661
0.032 1677
0.047 1693
0.031 1709
0.031 1726
0.031 1743
0.047 1760
0.047 1777
0.047 1794
0.047 1811
0.046 1829
0.047 1847
0.047 1865
0.047 1883
0.046 1901
0.047 1920
0.047 1939
0.047 1958
0.047 1977
0.047 1996
0.047 2015
0.047 2035
0.062 2055
0.047 2075
0.047 2095
0.063 2115
0.047 2136
0.062 2157
0.062 2178
0.063 2199
0.062 2220
0.063 2242
0.062 2264
0.078 2286
0.062 2308
0.078 2331
0.062 2354
0.078 2377
0.078 2400
0.063 2424
0.078 2448
0.078 2472
0.078 2496
0.094 2520
0.078 2545
0.078 2570
0.094 2595
0.094 2620
0.094 2646
0.094 2672
0.094 2698
0.094 2724
0.094 2751
0.094 2778
0.109 2805
0.109 2833
0.109 2861
0.109 2889
0.109 2917
0.11 2946
0.11 2975
0.11 3004
0.11 3034
0.109 3064
0.125 3094
0.125 3124
0.125 3155
0.141 3186
0.14 3217
0.125 3249
0.156 3281
0.14 3313
0.141 3346
0.141 3379
0.141 3412
0.141 3446
0.156 3480
0.172 3514
0.156 3549
0.172 3584
0.172 3619
0.156 3655
0.172 3691
0.187 3727
0.187 3764
0.187 3801
0.188 3839
0.188 3877
0.203 3915
0.203 3954
0.203 3993
0.203 4032
0.203 4072
0.219 4112
0.218 4153
0.219 4194
0.234 4235
0.234 4277
0.234 4319
0.25 4362
0.25 4405
0.25 4449
0.266 4493
0.266 4537
0.265 4582
0.265 4627
0.282 4673
0.297 4719
0.297 4766
0.297 4813
0.313 4861
0.313 4909
0.313 4958
0.328 5007
0.328 5057
0.329 5107
0.328 5158
0.344 5209
0.344 5261
0.359 5313
0.359 5366
0.359 5419
0.375 5473
0.391 5527
0.391 5582
0.406 5637
0.406 5693
0.422 5749
0.437 5806
0.437 5864
0.453 5922
0.469 5981
0.453 6040
0.469 6100
0.484 6161
0.484 6222
0.5 6284
0.5 6346
0.531 6409
0.547 6473
0.547 6537
0.547 6602
0.563 6668
0.579 6734
0.609 6801
0.594 6869
0.609 6937
0.625 7006
0.625 7076
0.656 7146
0.671 7217
0.687 7289
0.704 7361
0.703 7434
0.703 7508
0.719 7583
0.75 7658
0.766 7734
0.766 7811
0.796 7889
0.797 7967
0.828 8046
0.844 8126
0.843 8207
0.89 8289
0.891 8371
0.922 8454
0.922 8538
0.938 8623
0.953 8709
0.984 8796
1 8883
1.016 8971
1.047 9060
1.079 9150
1.109 9241
1.109 9333
1.125 9426
1.156 9520
1.172 9615
1.219 9711
1.25 9808
1.281 9906
1.282 10005
1.313 10105
1.328 10206
1.422 10308
1.375 10411
1.406 10515
1.453 10620
1.484 10726
1.515 10833
1.515 10941
1.563 11050
1.625 11160
1.641 11271
1.672 11383
1.734 11496
1.719 11610
1.766 11726
1.797 11843
1.844 11961
1.891 12080
1.937 12200
1.937 12322
1.985 12445
2.031 12569
2.078 12694
2.125 12820
2.172 12948
2.187 13077
2.25 13207
2.282 13339
2.375 13472
2.375 13606
2.422 13742
2.5 13879
2.625 14017
2.578 14157
2.625 14298
2.735 14440
2.797 14584
2.797 14729
2.875 14876
2.953 15024
2.969 15174
3.047 15325
3.094 15478
3.203 15632
3.25 15788
3.297 15945
3.422 16104
3.407 16265
3.468 16427
3.578 16591
3.641 16756
3.703 16923
3.812 17092
3.859 17262
3.922 17434
4.078 17608
4.188 17784
4.188 17961
4.312 18140
4.328 18321
4.5 18504
4.531 18689
4.641 18875
4.766 19063
4.859 19253
4.953 19445
5.109 19639
5.141 19835
5.219 20033
5.328 20233
5.453 20435
5.609 20639
5.656 20845
5.813 21053
5.953 21263
6.031 21475
6.125 21689
6.219 21905
6.375 22124
6.5 22345
6.688 22568
6.75 22793
6.922 23020
7.047 23250
7.187 23482
7.328 23716
7.453 23953
7.641 24192
7.735 24433
7.954 24677
8.203 24923
8.25 25172
8.563 25423
8.594 25677
8.797 25933
8.969 26192
9.14 26453
9.328 26717
9.594 26984
9.719 27253
9.906 27525
10.172 27800
10.329 28078
10.609 28358
10.687 28641
11.125 28927
11.156 29216
11.422 29508
11.735 29803
11.844 30101
12.063 30402
12.281 30706
12.562 31013
12.984 31323
13.203 31636
13.344 31952
13.796 32271
13.844 32593
14.266 32918
14.625 33247
14.906 33579
15.032 33914
15.36 34253
15.765 34595
16.157 34940
16.281 35289
16.64 35641
17.015 35997
17.469 36356
17.813 36719
18.235 37086
18.36 37456
19.11 37830
19.125 38208
19.813 38590
20.063 38975
20.469 39364
20.782 39757
21.36 40154
21.671 40555
22.047 40960
22.578 41369
23.406 41782
23.641 42199
24.016 42620
24.813 43046
25 43476
25.891 43910
25.953 44349
26.39 44792
27.141 45239
27.625 45691
28.031 46147
28.532 46608
29.422 47074
29.766 47544
30.328 48019
30.907 48499
31.813 48983
32.094 49472
33.36 49966
33.5 50465
34.313 50969
35.797 51478
35.641 51992
36.359 52511
37.125 53036
40.656 53566
38.954 54101
39.75 54642
40.219 55188
41.36 55739
41.641 56296
43.188 56858
43.906 57426
44.328 58000
45.328 58580
46.422 59165
47.125 59756
47.875 60353
49.078 60956
50.375 61565
50.969 62180
51.984 62801
53.578 63429
54.125 64063
55.219 64703
57.703 65350
57.938 66003
58.781 66663
59.782 67329
61.563 68002
62.86 68682
63.469 69368
65.532 70061
65.984 70761
67.547 71468
70.281 72182
70.437 72903
71.328 73632
72.829 74368
74.656 75111
77.141 75862
77.843 76620
79.546 77386
80.594 78159
82.641 78940
84.5 79729
86.25 80526
88.203 81331
89.375 82144
92.938 82965
93 83794
94.953 84631
98.5 85477
99.422 86331
101.25 87194
103.625 88065
105.609 88945
107.141 89834
109.547 90732
111.234 91639
113.937 92555
115.922 93480
118.25 94414
120.516 95358
123.015 96311
126.485 97274
128.609 98246
131.422 99228
134.218 100220
136.562 101222
142.062 102234
141.937 103256
144 104288
147.125 105330
149.5 106383
153.953 107446
155.625 108520
163.047 109605
165.015 110701
165.578 111808
168.984 112926
183.078 114055
176.984 115195
181.531 116346
187.703 117509
188.203 118684
190.531 119870
195.828 121068
199.375 122278
203.829 123500
205.797 124735
210.219 125982
217.579 127241
221.765 128513
224.344 129798
228.157 131095
238.61 132405
239.812 133729
247.828 135066
247.235 136416
255.578 137780
262.86 139157
266.734 140548
270.156 141953
276.766 143372
284.297 144805
289.625 146253
292.031 147715
296.671 149192
303.516 150683
311.391 152189
313.641 153710
320.531 155247
327.656 