0 1000
0 1010
0 1020
0 1030
0 1040
0 1050
0 1060
0 1070
0 1080
0 1090
0 1100
0.016 1111
0 1122
0 1133
0 1144
0 1155
0 1166
0 1177
0 1188
0 1199
0 1210
0 1222
0 1234
0 1246
0 1258
0 1270
0 1282
0 1294
0 1306
0.016 1319
0 1332
0 1345
0 1358
0 1371
0 1384
0 1397
0 1410
0.016 1424
0 1438
0 1452
0 1466
0 1480
0 1494
0 1508
0 1523
0 1538
0 1553
0 1568
0 1583
0 1598
0 1613
0.016 1629
0 1645
0 1661
0 1677
0 1693
0 1709
0 1726
0 1743
0 1760
0 1777
0 1794
0 1811
0 1829
0 1847
0 1865
0 1883
0 1901
0 1920
0 1939
0 1958
0 1977
0 1996
0 2015
0.015 2035
0 2055
0 2075
0 2095
0 2115
0.016 2136
0 2157
0 2178
0 2199
0 2220
0 2242
0 2264
0 2286
0 2308
0.015 2331
0 2354
0 2377
0 2400
0 2424
0 2448
0 2472
0 2496
0 2520
0 2545
0 2570
0 2595
0 2620
0 2646
0 2672
0 2698
0.016 2724
0 2751
0 2778
0 2805
0 2833
0 2861
0 2889
0.016 2917
0 2946
0 2975
0 3004
0 3034
0 3064
0 3094
0 3124
0 3155
0 3186
0 3217
0 3249
0 3281
0 3313
0 3346
0 3379
0 3412
0 3446
0 3480
0 3514
0 3549
0.015 3584
0 3619
0 3655
0 3691
0 3727
0.016 3764
0 3801
0 3839
0 3877
0 3915
0.016 3954
0 3993
0 4032
0 4072
0 4112
0 4153
0 4194
0 4235
0 4277
0.015 4319
0 4362
0.016 4405
0 4449
0 4493
0 4537
0 4582
0 4627
0 4673
0 4719
0 4766
0 4813
0.015 4861
0 4909
0.016 4958
0 5007
0 5057
0 5107
0 5158
0 5209
0 5261
0.015 5313
0 5366
0 5419
0 5473
0 5527
0.015 5582
0 5637
0 5693
0 5749
0 5806
0 5864
0 5922
0 5981
0 6040
0 6100
0 6161
0 6222
0.015 6284
0 6346
0 6409
0.015 6473
0 6537
0 6602
0 6668
0.015 6734
0 6801
0 6869
0 6937
0 7006
0.016 7076
0 7146
0 7217
0 7289
0 7361
0 7434
0.016 7508
0.016 7583
0 7658
0 7734
0 7811
0 7889
0 7967
0 8046
0 8126
0 8207
0.016 8289
0.015 8371
0.016 8454
0.015 8538
0.016 8623
0.016 8709
0.015 8796
0.016 8883
0.016 8971
0 9060
0 9150
0 9241
0 9333
0 9426
0 9520
0.016 9615
0.015 9711
0.016 9808
0 9906
0 10005
0 10105
0.016 10206
0.016 10308
0 10411
0 10515
0.016 10620
0.016 10726
0 10833
0 10941
0.015 11050
0 11160
0 11271
0.016 11383
0 11496
0.016 11610
0 11726
0 11843
0.016 11961
0 12080
0.016 12200
0 12322
0.016 12445
0 12569
0.016 12694
0.016 12820
0 12948
0.016 13077
0 13207
0.016 13339
0.016 13472
0 13606
0 13742
0.016 13879
0.015 14017
0.016 14157
0 14298
0 14440
0.016 14584
0.016 14729
0.015 14876
0.015 15024
0 15174
0 15325
0 15478
0 15632
0.016 15788
0.015 15945
0.016 16104
0 16265
0 16427
0 16591
0.015 16756
0.015 16923
0.016 17092
0.016 17262
0 17434
0.016 17608
0.015 17784
0.016 17961
0 18140
0.016 18321
0.016 18504
0 18689
0.016 18875
0.015 19063
0.015 19253
0.015 19445
0.015 19639
0.016 19835
0.015 20033
0.015 20233
0.016 20435
0.015 20639
0 20845
0.016 21053
0.015 21263
0.015 21475
0.015 21689
0.015 21905
0.015 22124
0.015 22345
0.016 22568
0.016 22793
0.016 23020
0.016 23250
0.016 23482
0.015 23716
0.031 23953
0.016 24192
0.016 24433
0.016 24677
0.031 24923
0.016 25172
0.016 25423
0.031 25677
0.015 25933
0.016 26192
0.016 26453
0.015 26717
0.016 26984
0.031 27253
0.015 27525
0.016 27800
0.031 28078
0.015 28358
0.016 28641
0.015 28927
0.016 29216
0.015 29508
0.016 29803
0.015 30101
0.016 30402
0.031 30706
0.031 31013
0.031 31323
0.015 31636
0.016 31952
0.031 32271
0.015 32593
0.032 32918
0.016 33247
0.031 33579
0.016 33914
0.031 34253
0.031 34595
0.015 34940
0.016 35289
0.032 35641
0.031 35997
0.031 36356
0.031 36719
0.031 37086
0.031 37456
0.015 37830
0.031 38208
0.031 38590
0.031 38975
0.031 39364
0.031 39757
0.031 40154
0.031 40555
0.031 40960
0.032 41369
0.031 41782
0.032 42199
0.031 42620
0.031 43046
0.031 43476
0.047 43910
0.031 44349
0.032 44792
0.031 45239
0.031 45691
0.032 46147
0.047 46608
0.032 47074
0.031 47544
0.046 48019
0.047 48499
0.047 48983
0.047 49472
0.047 49966
0.031 50465
0.032 50969
0.031 51478
0.031 51992
0.047 52511
0.031 53036
0.047 53566
0.031 54101
0.031 54642
0.047 55188
0.047 55739
0.047 56296
0.031 56858
0.047 57426
0.047 58000
0.047 58580
0.046 59165
0.046 59756
0.047 60353
0.047 60956
0.047 61565
0.047 62180
0.047 62801
0.047 63429
0.047 64063
0.046 64703
0.047 65350
0.047 66003
0.047 66663
0.484 67329
0.062 68002
0.063 68682
0.063 69368
0.062 70061
0.047 70761
0.047 71468
0.047 72182
0.047 72903
0.062 73632
0.047 74368
0.047 75111
0.047 75862
0.063 76620
0.062 77386
0.063 78159
0.062 78940
0.063 79729
0.062 80526
0.063 81331
0.062 82144
0.063 82965
0.062 83794
0.063 84631
0.063 85477
0.063 86331
0.063 87194
0.062 88065
0.062 88945
0.078 89834
0.062 90732
0.078 91639
0.079 92555
0.078 93480
0.078 94414
0.078 95358
0.078 96311
0.078 97274
0.078 98246
0.078 99228
0.078 100220
0.078 101222
0.078 102234
0.078 103256
0.093 104288
0.093 105330
0.093 106383
0.078 107446
0.094 108520
0.078 109605
0.094 110701
0.093 111808
0.078 112926
0.094 114055
0.094 115195
0.094 116346
0.093 117509
0.094 118684
0.093 119870
0.094 121068
0.094 122278
0.094 123500
0.094 124735
0.109 125982
0.093 127241
0.094 128513
0.093 129798
0.109 131095
0.109 132405
0.109 133729
0.109 135066
0.125 136416
0.109 137780
0.125 139157
0.125 140548
0.109 141953
0.125 143372
0.109 144805
0.109 146253
0.109 147715
0.125 149192
0.125 150683
0.125 152189
0.14 153710
0.125 155247
0.125 156799
0.125 158366
0.125 159949
0.141 161548
0.141 163163
0.141 164794
0.14 166441
0.14 168105
0.141 169786
0.14 171483
0.156 173197
0.156 174928
0.156 176677
0.141 178443
0.156 180227
0.156 182029
0.156 183849
0.156 185687
0.157 187543
0.156 189418
0.157 191312
0.156 193225
0.156 195157
0.171 197108
0.156 199079
0.172 201069
0.172 203079
0.172 205109
0.187 207160
0.187 209231
0.172 211323
0.188 213436
0.188 215570
0.188 217725
0.187 219902
0.188 222101
0.187 224322
0.187 226565
0.203 228830
0.203 231118
0.204 233429
0.203 235763
0.203 238120
0.203 240501
0.219 242906
0.204 245335
0.219 247788
0.219 250265
0.218 252767
0.219 255294
0.235 257846
0.234 260424
0.234 263028
0.235 265658
0.234 268314
0.235 270997
0.235 273706
0.25 276443
0.235 279207
0.25 281999
0.234 284818
0.25 287666
0.266 290542
0.25 293447
0.25 296381
0.266 299344
0.266 302337
0.266 305360
0.282 308413
0.265 311497
0.281 314611
0.281 317757
0.281 320934
0.281 324143
0.297 327384
0.297 330657
0.297 333963
0.297 337302
0.297 340675
0.312 344081
0.297 347521
0.313 350996
0.312 354505
0.328 358050
0.329 361630
0.328 365246
0.328 368898
0.328 372586
0.328 376311
0.344 380074
0.344 383874
0.344 387712
0.359 391589
0.344 395504
0.36 399459
0.375 403453
0.375 407487
0.359 411561
0.375 415676
0.375 419832
0.391 424030
0.391 428270
0.39 432552
0.39 436877
0.391 441245
0.39 445657
0.406 450113
0.422 454614
0.422 459160
0.422 463751
0.422 468388
0.422 473071
0.437 477801
0.438 482579
0.453 487404
0.453 492278
0.453 497200
0.453 502172
0.469 507193
0.469 512264
0.484 517386
0.485 522559
0.485 527784
0.5 533061
0.5 538391
0.5 543774
0.5 549211
0.515 554703
0.515 560250
0.515 565852
0.531 571510
0.547 577225
0.531 582997
0.546 588826
0.547 594714
0.547 600661
0.563 606667
0.578 612733
0.578 618860
0.578 625048
0.578 631298
0.594 637610
0.609 643986
0.609 650425
0.609 656929
0.625 663498
0.625 670132
0.641 676833
0.64 683601
0.641 690437
0.641 697341
0.656 704314
0.672 711357
0.687 718470
0.703 725654
0.688 732910
0.719 740239
0.922 747641
0.718 755117
0.719 762668
0.735 770294
0.735 777996
0.765 785775
0.75 793632
0.985 801568
0.781 809583
2.297 817678
0.812 825854
0.782 834112
0.813 842453
0.813 850877
0.969 859385
0.828 867978
0.875 876657
1.5 885423
0.891 894277
1.25 903219
1.047 912251
1.109 921373
1.062 930586
1.875 939891
0.906 949289
0.938 958781
1.578 968368
3.359 978051
2.532 987831
0.969 997709
0.984 1007686
0.985 1017762
0.984 1027939
1 1038218
1.656 1048600
1.157 1059086
1.031 1069676
1.047 1080372
1.063 1091175
1.079 1102086
1.078 1113106
1.437 1124237
1.11 1135479
1.141 1146833
1.125 1158301
1.141 1169884
1.157 1181582
1.172 1193397
1.453 1205330
1.203 1217383
1.203 1229556
1.219 1241851
1.235 1254269
1.235 1266811
1.25 1279479
1.282 1292273
1.297 1305195
1.859 1318246
1.328 1331428
1.328 1344742
1.359 1358189
1.359 1371770
1.375 1385487
2 1399341
1.422 1413334
1.406 1427467
1.437 1441741
1.454 1456158
2.063 1470719
1.515 1485426
1.5 1500280
1.515 1515282
1.532 1530434
1.562 1545738
1.563 1561195
1.578 1576806
1.594 1592574
1.625 1608499
1.625 1624583
1.656 1640828
1.657 1657236
1.688 1673808
1.703 1690546
1.735 1707451
2.219 1724525
1.75 1741770
1.781 1759187
1.781 1776778
1.812 1794545
1.844 1812490
3.047 1830614
1.875 1848920
1.906 1867409
1.906 1886083
2.078 1904943
3.344 1923992
2.359 1943231
2.391 1962663
2.953 1982289
3.297 2002111
2.093 2022132
2.812 2042353
2.594 2062776
2.813 2083403
2.578 2104237
3.156 2125279
2.219 2146531
3.39 2167996
2.25 2189675
2.875 2211571
3.5 2233686
2.313 2256022
3.547 2278582
2.953 2301367
2.39 2324380
3.656 2347623
2.453 2371099
2.797 2394809
3.11 2418757
2.703 2442944
3.156 2467373
3.187 2492046
3.437 2516966
3.641 2542135
2.672 2567556
2.703 2593231
3.031 2619163
3.969 2645354
3.766 2671807
3.453 2698525
4.062 2725510
2.875 2752765
4.125 2780292
2.937 2808094
4.093 2836174
4.204 2864535
3.64 2893180
4.281 2922111
3.11 2951332
3.829 2980845
4.36 3010653
3.797 3040759
4.438 3071166
3.875 3101877
3.906 3132895
3.343 3164223
3.984 3195865
4.625 3227823
4.031 3260101
4.672 3292702
4.719 3325629
3.547 3358885
4.797 3392473
4.828 3426397
3.672 3460660
3.719 3495266
3.75 3530218
4.86 3565520
5.031 3601175
5.078 3637186
3.922 3673557
4.547 3710292
4.64 3747394
4.703 3784867
4.672 3822715
5.328 3860942
4.156 3899551
5.188 3938546
5 3977931
5.484 4017710
5.375 4057887
5.594 4098465
5.641 4139449
5 4180843
4.531 4222651
5.782 4264877
5.828 4307525
5.985 4350600
5.937 4394106
5.281 4438047
6.172 4482427
6.313 4527251
4.938 4572523
6.157 4618248
6.766 4664430
5.094 4711074
6.359 4758184
6.437 4805765
6.532 4853822
7.109 4902360
5.391 4951383
7.203 5000896
7.578 5050904
7.766 5101413
6.829 5152427
7.609 5203951
5.735 5255990
6.125 5308549
6.672 5361634
8.11 5415250
5.985 5469402
7.25 5524096
7.578 5579336
7.39 5635129
7.844 5691480
7.532 5748394
7.875 5805877
7.656 5863935
8.922 5922574
7.875 5981799
8.453 6041616
8.469 6102032
8.609 6163052
8.75 6224682
8.75 6286928
8.422 6349797
8.891 6413294
7.172 6477426
8.36 6542200
9.016 6607622
8.61 6673698
9.797 6740434
9.75 6807838
10.031 6875916
9.469 6944675
9.594 7014121
8.672 7084262
9.969 7155104
10.453 7226655
10.531 7298921
8.219 7371910
10.687 7445629
10.797 7520085
8.484 7595285
10.531 7671237
11.062 7747949
10.922 7825428
8.843 7903682
11.344 7982718
10.235 8062545
10.937 8143170
11.906 8224601
9.875 8306847
11.828 8389915
11.922 8473814
12.062 8558552
9.719 8644137
13.187 8730578
12.36 8817883
12.438 8906061
12.765 8995121
12.046 9085072
13.532 9175922
10.469 9267681
13.313 9360357
13.688 9453960
13.25 9548499
12.157 9643983
13.453 9740422
13.484 9837826
13.718 9936204
12.625 10035566
14.812 10135921
14.094 10237280
15.422 10339652
12.703 10443048
13.609 10547478
14.828 10652952
14.797 10759481
15.328 10867075
15.235 10975745
15.688 11085502
13.078 11196357
15.406 11308320
15.593 11421403
16.265 11535617
16.141 11650973
17.125 11767482
17.281 11885156
17.641 12004007
17.516 12124047
15.922 12245287
17.875 12367739
18.625 12491416
16.969 12616330
19.344 12742493
19.688 12869917
18.063 12998616
