0 1000
0.015 1010
0 1020
0 1030
0 1040
0 1050
0 1060
0 1070
0 1080
0 1090
0 1100
0 1111
0 1122
0 1133
0 1144
0 1155
0 1166
0 1177
0 1188
0 1199
0 1210
0 1222
0 1234
0 1246
0 1258
0 1270
0 1282
0 1294
0 1306
0 1319
0 1332
0 1345
0 1358
0 1371
0 1384
0 1397
0 1410
0 1424
0 1438
0 1452
0 1466
0 1480
0 1494
0 1508
0 1523
0 1538
0 1553
0 1568
0 1583
0 1598
0 1613
0 1629
0 1645
0 1661
0 1677
0 1693
0 1709
0 1726
0 1743
0 1760
0 1777
0 1794
0 1811
0 1829
0 1847
0 1865
0 1883
0 1901
0 1920
0.016 1939
0 1958
0 1977
0 1996
0 2015
0 2035
0 2055
0 2075
0 2095
0 2115
0 2136
0 2157
0 2178
0 2199
0 2220
0.016 2242
0 2264
0 2286
0 2308
0 2331
0 2354
0 2377
0 2400
0 2424
0 2448
0 2472
0 2496
0 2520
0 2545
0 2570
0 2595
0 2620
0 2646
0 2672
0 2698
0 2724
0 2751
0 2778
0 2805
0.015 2833
0 2861
0 2889
0 2917
0 2946
0 2975
0 3004
0 3034
0 3064
0 3094
0 3124
0 3155
0 3186
0.016 3217
0 3249
0 3281
0.016 3313
0 3346
0 3379
0 3412
0 3446
0 3480
0 3514
0 3549
0 3584
0 3619
0 3655
0.016 3691
0 3727
0 3764
0 3801
0 3839
0 3877
0 3915
0 3954
0 3993
0 4032
0 4072
0 4112
0.015 4153
0 4194
0.016 4235
0 4277
0 4319
0 4362
0 4405
0 4449
0 4493
0 4537
0 4582
0 4627
0 4673
0 4719
0 4766
0 4813
0 4861
0 4909
0 4958
0 5007
0.015 5057
0 5107
0.016 5158
0 5209
0 5261
0 5313
0 5366
0.016 5419
0 5473
0 5527
0 5582
0 5637
0.016 5693
0 5749
0 5806
0.016 5864
0 5922
0 5981
0.015 6040
0 6100
0 6161
0.016 6222
0 6284
0 6346
0.016 6409
0 6473
0 6537
0 6602
0.016 6668
0 6734
0 6801
0 6869
0.016 6937
0.015 7006
0 7076
0 7146
0 7217
0 7289
0.016 7361
0.015 7434
0 7508
0 7583
0 7658
0 7734
0 7811
0.015 7889
0.016 7967
0.016 8046
0.015 8126
0.016 8207
0 8289
0 8371
0 8454
0 8538
0 8623
0 8709
0 8796
0 8883
0 8971
0.015 9060
0.016 9150
0.015 9241
0.016 9333
0.016 9426
0 9520
0 9615
0 9711
0 9808
0.015 9906
0.016 10005
0 10105
0 10206
0 10308
0.015 10411
0.016 10515
0 10620
0 10726
0.015 10833
0 10941
0 11050
0.016 11160
0 11271
0 11383
0.015 11496
0 11610
0.015 11726
0.016 11843
0 11961
0.016 12080
0 12200
0.016 12322
0 12445
0.015 12569
0 12694
0 12820
0.016 12948
0 13077
0.015 13207
0 13339
0 13472
0.016 13606
0.016 13742
0 13879
0 14017
0.016 14157
0.015 14298
0.015 14440
0 14584
0 14729
0.016 14876
0.016 15024
0.016 15174
0.015 15325
0.016 15478
0.016 15632
0 15788
0 15945
0 16104
0.016 16265
0.016 16427
0.015 16591
0.016 16756
0.016 16923
0.016 17092
0 17262
0.015 17434
0.015 17608
0.016 17784
0 17961
0.016 18140
0.016 18321
0.015 18504
0.015 18689
0.015 18875
0 19063
0.016 19253
0 19445
0.016 19639
0 19835
0.016 20033
0.016 20233
0.016 20435
0.016 20639
0.016 20845
0.016 21053
0.016 21263
0.016 21475
0.016 21689
0 21905
0.016 22124
0.016 22345
0.015 22568
0.015 22793
0.015 23020
0.016 23250
0.016 23482
0.016 23716
0.016 23953
0.015 24192
0.016 24433
0.016 24677
0.016 24923
0.015 25172
0.015 25423
0.016 25677
0.016 25933
0.015 26192
0.016 26453
0.016 26717
0.015 26984
0.015 27253
0.016 27525
0.031 27800
0.016 28078
0.016 28358
0.016 28641
0.032 28927
0.031 29216
0.016 29508
0.016 29803
0.016 30101
0.016 30402
0.016 30706
0.016 31013
0.016 31323
0.032 31636
0.031 31952
0.016 32271
0.031 32593
0.015 32918
0.031 33247
0.016 33579
0.031 33914
0.016 34253
0.032 34595
0.031 34940
0.031 35289
0.015 35641
0.016 35997
0.016 36356
0.016 36719
0.016 37086
0.016 37456
0.031 37830
0.031 38208
0.031 38590
0.015 38975
0.031 39364
0.031 39757
0.031 40154
0.016 40555
0.032 40960
0.031 41369
0.016 41782
0.031 42199
0.031 42620
0.031 43046
0.032 43476
0.031 43910
0.032 44349
0.031 44792
0.031 45239
0.047 45691
0.031 46147
0.031 46608
0.031 47074
0.047 47544
0.032 48019
0.031 48499
0.031 48983
0.032 49472
0.031 49966
0.047 50465
0.046 50969
0.015 51478
0.047 51992
0.031 52511
0.047 53036
0.031 53566
0.063 54101
0.047 54642
0.031 55188
0.031 55739
0.031 56296
0.047 56858
0.047 57426
0.047 58000
0.047 58580
0.047 59165
0.047 59756
0.047 60353
0.047 60956
0.046 61565
0.047 62180
0.047 62801
0.047 63429
0.047 64063
0.047 64703
0.063 65350
0.046 66003
0.063 66663
0.656 67329
0.047 68002
0.047 68682
0.047 69368
0.047 70061
0.062 70761
0.062 71468
0.062 72182
0.062 72903
0.063 73632
0.062 74368
0.062 75111
0.062 75862
0.062 76620
0.063 77386
0.062 78159
0.063 78940
0.062 79729
0.063 80526
0.062 81331
0.063 82144
0.062 82965
0.079 83794
0.062 84631
0.062 85477
0.078 86331
0.078 87194
0.079 88065
0.078 88945
0.063 89834
0.079 90732
0.063 91639
0.078 92555
0.078 93480
0.078 94414
0.078 95358
0.078 96311
0.078 97274
0.078 98246
0.079 99228
0.078 100220
0.094 101222
0.078 102234
0.093 103256
0.078 104288
0.078 105330
0.078 106383
0.093 107446
0.093 108520
0.094 109605
0.078 110701
0.079 111808
0.094 112926
0.093 114055
0.094 115195
0.093 116346
0.094 117509
0.094 118684
0.11 119870
0.094 121068
0.125 122278
0.109 123500
0.109 124735
0.094 125982
0.11 127241
0.109 128513
0.11 129798
0.109 131095
0.11 132405
0.11 133729
0.125 135066
0.109 136416
0.125 137780
0.11 139157
0.11 140548
0.125 141953
0.125 143372
0.125 144805
0.125 146253
0.141 147715
0.125 149192
0.125 150683
0.141 152189
0.125 153710
0.125 155247
0.141 156799
0.141 158366
0.14 159949
0.125 161548
0.14 163163
0.14 164794
0.141 166441
0.141 168105
0.14 169786
0.141 171483
0.141 173197
0.141 174928
0.141 176677
0.156 178443
0.157 180227
0.157 182029
0.156 183849
0.157 185687
0.156 187543
0.156 189418
0.171 191312
0.172 193225
0.172 195157
0.157 197108
0.187 199079
0.172 201069
0.188 203079
0.187 205109
0.172 207160
0.172 209231
0.187 211323
0.187 213436
0.187 215570
0.187 217725
0.203 219902
0.203 222101
0.203 224322
0.203 226565
0.203 228830
0.203 231118
0.203 233429
0.203 235763
0.219 238120
0.219 240501
0.234 242906
0.234 245335
0.234 247788
0.218 250265
0.235 252767
0.25 255294
0.234 257846
0.25 260424
0.25 263028
0.234 265658
0.25 268314
0.265 270997
0.25 273706
0.234 276443
0.25 279207
0.25 281999
0.266 284818
0.25 287666
0.266 290542
0.265 293447
0.265 296381
0.266 299344
0.296 302337
0.281 305360
0.281 308413
0.282 311497
0.281 314611
0.297 317757
0.312 320934
0.312 324143
0.312 327384
0.313 330657
0.297 333963
0.328 337302
0.328 340675
0.329 344081
0.328 347521
0.328 350996
0.328 354505
0.328 358050
0.328 361630
0.328 365246
0.344 368898
0.344 372586
0.344 376311
0.344 380074
0.344 383874
0.359 387712
0.375 391589
0.375 395504
0.375 399459
0.391 403453
0.375 407487
0.391 411561
0.39 415676
0.39 419832
0.39 424030
0.406 428270
0.407 432552
0.407 436877
0.422 441245
0.422 445657
0.422 450113
0.421 454614
0.422 459160
0.422 463751
0.453 468388
0.453 473071
0.438 477801
0.453 482579
0.5 487404
0.5 492278
0.484 497200
0.5 502172
0.484 507193
0.484 512264
0.547 517386
0.5 522559
0.515 527784
0.5 533061
0.516 538391
0.532 543774
0.532 549211
0.531 554703
0.625 560250
0.547 565852
0.594 571510
0.547 577225
0.563 582997
0.563 588826
0.578 594714
0.578 600661
0.578 606667
0.578 612733
0.594 618860
0.609 625048
0.61 631298
0.625 637610
0.625 643986
0.625 650425
0.641 656929
0.641 663498
0.64 670132
0.656 676833
0.657 683601
0.672 690437
0.687 697341
0.687 704314
0.703 711357
0.703 718470
0.704 725654
0.718 732910
0.734 740239
1.953 747641
0.75 755117
1.281 762668
0.765 770294
0.765 777996
0.781 785775
1.343 793632
0.844 801568
1 809583
2.328 817678
0.844 825854
0.843 834112
1.437 842453
0.875 850877
1.953 859385
0.859 867978
0.875 876657
0.937 885423
0.984 894277
1.813 903219
1.047 912251
1.109 921373
1.657 930586
1.125 939891
0.984 949289
1.922 958781
1.062 968368
1.032 978051
1.312 987831
2.594 997709
1.016 1007686
1.031 1017762
1.047 1027939
1.047 1038218
1.61 1048600
1.078 1059086
1.094 1069676
1.328 1080372
1.109 1091175
1.109 1102086
1.922 1113106
1.141 1124237
1.156 1135479
1.781 1146833
1.188 1158301
1.187 1169884
1.968 1181582
1.828 1193397
1.563 1205330
1.25 1217383
1.281 1229556
1.281 1241851
1.281 1254269
1.906 1266811
1.937 1279479
1.937 1292273
1.344 1305195
1.375 1318246
1.407 1331428
1.39 1344742
1.406 1358189
1.422 1371770
1.437 1385487
1.453 1399341
1.468 1413334
1.516 1427467
1.594 1441741
1.531 1456158
1.547 1470719
2.125 1485426
2.172 1500280
2.188 1515282
2.203 1530434
1.891 1545738
1.656 1561195
1.672 1576806
1.688 1592574
1.703 1608499
1.766 1624583
1.735 1640828
1.765 1657236
1.781 1673808
1.797 1690546
1.812 1707451
1.969 1724525
2.469 1741770
1.985 1759187
1.906 1776778
1.922 1794545
1.937 1812490
1.969 1830614
2.594 1848920
2.015 1867409
2.031 1886083
5.968 1904943
2.421 1923992
2.984 1943231
3.328 1962663
2.719 1982289
2.375 2002111
3.61 2022132
2.641 2042353
3.203 2062776
3.234 2083403
3.36 2104237
3.078 2125279
3.719 2146531
2.61 2167996
3.047 2189675
2.469 2211571
2.5 2233686
3.094 2256022
2.531 2278582
3.157 2301367
3.188 2324380
2.61 2347623
3.281 2371099
2.968 2394809
2.734 2418757
3.766 2442944
2.765 2467373
3.094 2492046
3.5 2516966
2.875 2542135
3.516 2567556
3.532 2593231
3.578 2619163
3 2645354
4.234 2671807
3.125 2698525
3.094 2725510
3.5 2752765
3.204 2780292
3.219 2808094
3.266 2836174
3.89 2864535
4.282 2893180
3.391 2922111
4.172 2951332
3.437 2980845
4.078 3010653
4.203 3040759
3.578 3071166
4.187 3101877
3.703 3132895
4.328 3164223
3.735 3195865
4.359 3227823
4.359 3260101
3.875 3292702
4.515 3325629
3.953 3358885
4 3392473
4.047 3426397
4.093 3460660
4.156 3495266
4.172 3530218
4.375 3565520
4.875 3601175
4.328 3637186
4.437 3673557
5.063 3710292
5.032 3747394
5.125 3784867
4.593 3822715
4.641 3860942
4.687 3899551
4.969 3938546
4.828 3977931
5.438 4017710
5.484 4057887
6.047 4098465
5.14 4139449
5.093 4180843
5.953 4222651
5.203 4264877
6.453 4307525
5.328 4350600
5.797 4394106
6.141 4438047
6.625 4482427
5.968 4527251
5.656 4572523
6.906 4618248
5.781 4664430
6.078 4711074
5.938 4758184
6.016 4805765
6.609 4853822
7.391 4902360
6.219 4951383
6.266 5000896
6.36 5050904
6.625 5101413
6.5 5152427
7.047 5203951
6.656 5255990
8.172 5308549
7.813 5361634
7.656 5415250
7.547 5469402
8.156 5524096
8.047 5579336
7.235 5635129
8.625 5691480
7.375 5748394
8.391 5805877
7.563 5863935
7.641 5922574
8.844 5981799
8.422 6041616
8.547 6102032
8.578 6163052
8.594 6224682
8.812 6286928
9.938 6349797
8.375 6413294
9.031 6477426
9.375 6542200
9.391 6607622
8.797 6673698
8.953 6740434
9.172 6807838
9.094 6875916
9.297 6944675
9.312 7014121
10.422 7084262
10.718 7155104
9.64 7226655
10.937 7298921
9.828 7371910
11.172 7445629
10.922 7520085
10.203 7595285
11.375 7671237
11.047 7747949
11.953 7825428
11.797 7903682
12 7982718
10.922 8062545
11.063 8143170
11.532 8224601
12.516 8306847
11.453 8389915
11.609 8473814
12.391 8558552
11.844 8644137
13.313 8730578
13.328 8817883
13.484 8906061
12.391 8995121
13.766 9085072
14.187 9175922
13.406 9267681
14.5 9360357
14.312 9453960
15.672 9548499
15.593 9643983
14.203 9740422
15.031 9837826
15.391 9936204
14.078 10035566
14.297 10135921
15.703 10237280
15.312 10339652
17.125 10443048
16.797 10547478
16.063 10652952
16.484 10759481
16.36 10867075
16.078 10975745
15.875 11085502
15.984 11196357
17.438 11308320
16.938 11421403
16.594 11535617
17.078 11650973
17.047 11767482
17.203 11885156
17.375 12004007
17.562 12124047
17.734 12245287
18.563 12367739
18.156 12491416
19.094 12616330
19.672 12742493
18.812 12869917
18.984 12998616
