0 1000
0 1010
0 1020
0 1030
0 1040
0 1050
0 1060
0 1070
0 1080
0 1090
0 1100
0 1111
0 1122
0 1133
0 1144
0 1155
0 1166
0 1177
0 1188
0 1199
0 1210
0 1222
0 1234
0 1246
0 1258
0 1270
0 1282
0 1294
0 1306
0 1319
0 1332
0 1345
0 1358
0 1371
0 1384
0 1397
0 1410
0 1424
0 1438
0 1452
0 1466
0 1480
0 1494
0 1508
0.015 1523
0 1538
0 1553
0 1568
0 1583
0 1598
0 1613
0 1629
0 1645
0 1661
0 1677
0 1693
0 1709
0.016 1726
0 1743
0 1760
0 1777
0 1794
0 1811
0.015 1829
0 1847
0 1865
0 1883
0 1901
0 1920
0 1939
0 1958
0 1977
0 1996
0 2015
0 2035
0 2055
0 2075
0 2095
0 2115
0 2136
0 2157
0 2178
0 2199
0 2220
0 2242
0 2264
0 2286
0 2308
0 2331
0 2354
0 2377
0 2400
0.016 2424
0 2448
0 2472
0 2496
0.016 2520
0 2545
0 2570
0 2595
0.015 2620
0 2646
0 2672
0 2698
0 2724
0 2751
0 2778
0 2805
0 2833
0 2861
0 2889
0 2917
0 2946
0 2975
0.016 3004
0 3034
0 3064
0.015 3094
0 3124
0 3155
0 3186
0 3217
0 3249
0 3281
0 3313
0 3346
0.015 3379
0 3412
0 3446
0.016 3480
0 3514
0 3549
0 3584
0 3619
0 3655
0 3691
0 3727
0 3764
0 3801
0.015 3839
0 3877
0 3915
0 3954
0 3993
0.016 4032
0 4072
0 4112
0 4153
0 4194
0 4235
0 4277
0 4319
0 4362
0 4405
0 4449
0.016 4493
0 4537
0.015 4582
0 4627
0.016 4673
0 4719
0.016 4766
0 4813
0 4861
0 4909
0 4958
0 5007
0 5057
0 5107
0 5158
0.016 5209
0 5261
0 5313
0 5366
0 5419
0.016 5473
0 5527
0 5582
0 5637
0 5693
0.015 5749
0 5806
0 5864
0.016 5922
0 5981
0 6040
0.016 6100
0 6161
0 6222
0 6284
0 6346
0 6409
0 6473
0.016 6537
0 6602
0 6668
0 6734
0.016 6801
0 6869
0 6937
0 7006
0 7076
0.015 7146
0.016 7217
0 7289
0 7361
0 7434
0 7508
0 7583
0.015 7658
0.016 7734
0 7811
0 7889
0 7967
0 8046
0 8126
0 8207
0 8289
0 8371
0 8454
0 8538
0 8623
0 8709
0 8796
0 8883
0 8971
0 9060
0 9150
0 9241
0 9333
0.015 9426
0.016 9520
0 9615
0 9711
0 9808
0 9906
0.016 10005
0.015 10105
0 10206
0 10308
0 10411
0.015 10515
0 10620
0 10726
0.016 10833
0.016 10941
0 11050
0.015 11160
0.016 11271
0 11383
0.016 11496
0 11610
0 11726
0.015 11843
0 11961
0.015 12080
0 12200
0.015 12322
0 12445
0.016 12569
0 12694
0 12820
0.015 12948
0 13077
0.016 13207
0.015 13339
0 13472
0.015 13606
0.015 13742
0.016 13879
0 14017
0 14157
0.016 14298
0.016 14440
0.015 14584
0 14729
0 14876
0 15024
0.016 15174
0.016 15325
0.015 15478
0.015 15632
0.016 15788
0.016 15945
0.015 16104
0.015 16265
0.016 16427
0.016 16591
0 16756
0 16923
0.015 17092
0.016 17262
0.016 17434
0 17608
0.016 17784
0.015 17961
0.015 18140
0 18321
0.016 18504
0.016 18689
0.016 18875
0.016 19063
0 19253
0.016 19445
0.016 19639
0.015 19835
0.016 20033
0 20233
0.015 20435
0.016 20639
0.015 20845
0.015 21053
0.016 21263
0.016 21475
0 21689
0.016 21905
0.016 22124
0.016 22345
0.016 22568
0.016 22793
0.015 23020
0.015 23250
0.015 23482
0.016 23716
0.016 23953
0.015 24192
0.015 24433
0.015 24677
0.016 24923
0.016 25172
0.015 25423
0.016 25677
0.016 25933
0.031 26192
0.015 26453
0.032 26717
0.016 26984
0.016 27253
0.016 27525
0.015 27800
0.016 28078
0.031 28358
0.015 28641
0.016 28927
0.031 29216
0.031 29508
0.031 29803
0.031 30101
0.031 30402
0.015 30706
0.016 31013
0.015 31323
0.016 31636
0.031 31952
0.016 32271
0.016 32593
0.015 32918
0.016 33247
0.016 33579
0.031 33914
0.015 34253
0.016 34595
0.032 34940
0.031 35289
0.031 35641
0.031 35997
0.031 36356
0.031 36719
0.031 37086
0.032 37456
0.032 37830
0.016 38208
0.032 38590
0.032 38975
0.016 39364
0.032 39757
0.016 40154
0.031 40555
0.031 40960
0.015 41369
0.031 41782
0.031 42199
0.032 42620
0.031 43046
0.031 43476
0.031 43910
0.031 44349
0.031 44792
0.032 45239
0.031 45691
0.031 46147
0.031 46608
0.031 47074
0.031 47544
0.032 48019
0.031 48499
0.031 48983
0.031 49472
0.031 49966
0.032 50465
0.047 50969
0.032 51478
0.047 51992
0.031 52511
0.047 53036
0.031 53566
0.047 54101
0.047 54642
0.047 55188
0.047 55739
0.047 56296
0.047 56858
0.031 57426
0.031 58000
0.047 58580
0.032 59165
0.047 59756
0.047 60353
0.047 60956
0.047 61565
0.031 62180
0.046 62801
0.047 63429
0.047 64063
0.047 64703
0.047 65350
0.047 66003
0.312 66663
0.266 67329
0.047 68002
0.046 68682
0.047 69368
0.047 70061
0.063 70761
0.063 71468
0.063 72182
0.062 72903
0.063 73632
0.063 74368
0.063 75111
0.063 75862
0.046 76620
0.063 77386
0.062 78159
0.063 78940
0.062 79729
0.063 80526
0.062 81331
0.063 82144
0.062 82965
0.063 83794
0.062 84631
0.062 85477
0.062 86331
0.062 87194
0.063 88065
0.078 88945
0.062 89834
0.078 90732
0.062 91639
0.062 92555
0.063 93480
0.063 94414
0.078 95358
0.063 96311
0.078 97274
0.078 98246
0.078 99228
0.078 100220
0.078 101222
0.079 102234
0.079 103256
0.079 104288
0.079 105330
0.079 106383
0.079 107446
0.078 108520
0.094 109605
0.093 110701
0.094 111808
0.094 112926
0.078 114055
0.094 115195
0.094 116346
0.094 117509
0.093 118684
0.094 119870
0.093 121068
0.094 122278
0.094 123500
0.094 124735
0.094 125982
0.11 127241
0.109 128513
0.11 129798
0.094 131095
0.109 132405
0.094 133729
0.11 135066
0.094 136416
0.109 137780
0.109 139157
0.109 140548
0.11 141953
0.109 143372
0.11 144805
0.125 146253
0.125 147715
0.125 149192
0.125 150683
0.125 152189
0.11 153710
0.125 155247
0.125 156799
0.125 158366
0.125 159949
0.125 161548
0.125 163163
0.125 164794
0.141 166441
0.125 168105
0.125 169786
0.141 171483
0.125 173197
0.125 174928
0.141 176677
0.14 178443
0.14 180227
0.141 182029
0.156 183849
0.14 185687
0.156 187543
0.157 189418
0.156 191312
0.156 193225
0.157 195157
0.157 197108
0.172 199079
0.156 201069
0.172 203079
0.172 205109
0.156 207160
0.157 209231
0.172 211323
0.172 213436
0.172 215570
0.172 217725
0.172 219902
0.172 222101
0.188 224322
0.188 226565
0.188 228830
0.187 231118
0.187 233429
0.203 235763
0.188 238120
0.203 240501
0.187 242906
0.203 245335
0.203 247788
0.203 250265
0.203 252767
0.203 255294
0.203 257846
0.219 260424
0.219 263028
0.219 265658
0.219 268314
0.218 270997
0.219 273706
0.219 276443
0.234 279207
0.234 281999
0.235 284818
0.25 287666
0.25 290542
0.235 293447
0.25 296381
0.25 299344
0.25 302337
0.265 305360
0.25 308413
0.266 311497
0.266 314611
0.266 317757
0.266 320934
0.282 324143
0.266 327384
0.265 330657
0.281 333963
0.282 337302
0.296 340675
0.281 344081
0.297 347521
0.297 350996
0.297 354505
0.297 358050
0.312 361630
0.313 365246
0.297 368898
0.328 372586
0.313 376311
0.312 380074
0.328 383874
0.344 387712
0.344 391589
0.343 395504
0.343 399459
0.344 403453
0.344 407487
0.36 411561
0.344 415676
0.36 419832
0.359 424030
0.359 428270
0.375 432552
0.375 436877
0.375 441245
0.391 445657
0.391 450113
0.391 454614
0.39 459160
0.406 463751
0.406 468388
0.406 473071
0.407 477801
0.422 482579
0.422 487404
0.422 492278
0.422 497200
0.453 502172
0.438 507193
0.453 512264
0.453 517386
0.453 522559
0.469 527784
0.468 533061
0.468 538391
0.468 543774
0.484 549211
0.985 554703
0.485 560250
0.5 565852
0.5 571510
0.5 577225
0.515 582997
0.516 588826
0.531 594714
0.532 600661
0.531 606667
0.531 612733
0.531 618860
0.547 625048
0.562 631298
0.547 637610
0.563 643986
0.578 650425
0.578 656929
0.578 663498
0.594 670132
0.594 676833
0.61 683601
0.625 690437
0.625 697341
0.641 704314
0.625 711357
0.641 718470
0.656 725654
0.656 732910
0.672 740239
0.672 747641
0.75 755117
0.703 762668
0.703 770294
0.703 777996
1.391 785775
0.735 793632
1.578 801568
2.126 809583
0.765 817678
0.766 825854
0.781 834112
0.766 842453
0.781 850877
0.781 859385
0.797 867978
0.875 876657
1.375 885423
0.891 894277
0.859 903219
1.812 912251
0.86 921373
1.016 930586
1.219 939891
1.204 949289
0.89 958781
0.907 968368
2.531 978051
1.062 987831
0.921 997709
0.922 1007686
0.937 1017762
0.953 1027939
0.968 1038218
0.969 1048600
1.437 1059086
1.328 1069676
1 1080372
1 1091175
1.406 1102086
1.031 1113106
1.297 1124237
1.046 1135479
1.062 1146833
1.078 1158301
1.5 1169884
1.093 1181582
1.109 1193397
1.125 1205330
1.141 1217383
1.141 1229556
1.172 1241851
1.172 1254269
1.187 1266811
1.203 1279479
1.218 1292273
1.218 1305195
1.282 1318246
1.25 1331428
1.266 1344742
1.266 1358189
1.297 1371770
1.313 1385487
1.313 1399341
1.328 1413334
2.437 1427467
1.375 1441741
1.375 1456158
1.39 1470719
1.407 1485426
1.422 1500280
1.438 1515282
1.765 1530434
1.469 1545738
1.484 1561195
1.5 1576806
1.515 1592574
2.656 1608499
2.75 1624583
2.156 1640828
2.187 1657236
2.203 1673808
1.625 1690546
1.625 1707451
1.64 1724525
2.75 1741770
2.281 1759187
1.719 1776778
1.735 1794545
1.734 1812490
1.765 1830614
1.781 1848920
1.797 1867409
1.922 1886083
3.109 1904943
1.938 1923992
2.063 1943231
3.156 1962663
3.281 1982289
1.969 2002111
2.797 2022132
2.485 2042353
2.422 2062776
2.671 2083403
2.687 2104237
2.344 2125279
3.062 2146531
2.125 2167996
3.328 2189675
2.156 2211571
2.172 2233686
3.421 2256022
2.234 2278582
2.265 2301367
3.485 2324380
2.328 2347623
3.531 2371099
3.563 2394809
2.375 2418757
3.61 2442944
3.313 2467373
2.454 2492046
2.86 2516966
2.719 2542135
3.14 2567556
3.156 2593231
2.891 2619163
2.609 2645354
2.875 2671807
3.281 2698525
3.5 2725510
3.937 2752765
2.75 2780292
2.797 2808094
2.907 2836174
3.015 2864535
4.016 2893180
3.266 2922111
2.953 2951332
3.484 2980845
3.484 3010653
4.235 3040759
3.64 3071166
4.203 3101877
3.641 3132895
3.172 3164223
3.797 3195865
3.813 3227823
4.485 3260101
3.313 3292702
3.953 3325629
3.391 3358885
4.609 3392473
3.469 3426397
3.5 3460660
4.735 3495266
4.781 3530218
4.812 3565520
4.266 3601175
4.782 3637186
3.734 3673557
4.921 3710292
5 3747394
4.985 3784867
5.094 3822715
5.125 3860942
5.172 3899551
5.218 3938546
5.11 3977931
5.313 4017710
4.953 4057887
4.781 4098465
4.234 4139449
5.25 4180843
4.328 4222651
5.562 4264877
5.625 4307525
5.656 4350600
5.703 4394106
5.656 4438047
5.812 4482427
5.875 4527251
4.718 4572523
5.968 4618248
6.375 4664430
4.891 4711074
6.109 4758184
6.735 4805765
6.281 4853822
5.688 4902360
6.328 4951383
7.031 5000896
6.766 5050904
6.515 5101413
6.531 5152427
6.641 5203951
6.672 5255990
5.532 5308549
6.797 5361634
6.859 5415250
6.906 5469402
6.984 5524096
7.031 5579336
7.094 5635129
7.172 5691480
6.015 5748394
7.297 5805877
6.156 5863935
7.421 5922574
7.984 5981799
7.547 6041616
7.609 6102032
6.485 6163052
8.25 6224682
8.281 6286928
9.109 6349797
7.969 6413294
9.25 6477426
9.328 6542200
9.39 6607622
9.468 6673698
9.547 6740434
9.625 6807838
9.531 6875916
9.797 6944675
8.641 7014121
8.75 7084262
9.219 7155104
7.703 7226655
8.969 7298921
7.859 7371910
9.438 7445629
10.422 7520085
8.11 7595285
9.969 7671237
9.484 7747949
10.187 7825428
10.282 7903682
10.969 7982718
11.046 8062545
9.938 8143170
11.078 8224601
11.359 8306847
9.016 8389915
11.531 8473814
11.625 8558552
9.312 8644137
10.672 8730578
10.718 8817883
12.016 8906061
12.516 8995121
12.235 9085072
12.328 9175922
12.437 9267681
12.547 9360357
12.64 9453960
12.953 9548499
13.312 9643983
13 9740422
13.875 9837826
13.829 9936204
10.954 10035566
13.782 10135921
13.547 10237280
12.625 10339652
13.219 10443048
14.578 10547478
12.265 10652952
15.281 10759481
15.484 10867075
15.328 10975745
14.594 11085502
14.438 11196357
15.406 11308320
15.922 11421403
16.266 11535617
16.484 11650973
16.547 11767482
15.484 11885156
14.797 12004007
16.375 12124047
14.703 12245287
16.718 12367739
15.625 12491416
15.75 12616330
14.25 12742493
16.656 12869917
15.578 12998616
