1.141 10000
1.156 10100
1.187 10200
1.219 10300
1.25 10400
1.265 10500
1.281 10600
1.313 10700
1.344 10800
1.375 10900
1.375 11000
1.406 11100
1.438 11200
1.469 11300
1.5 11400
1.516 11500
1.562 11600
1.578 11700
1.61 11800
1.625 11900
1.657 12000
1.703 12100
1.719 12200
1.75 12300
1.781 12400
1.828 12500
1.86 12600
1.875 12700
1.968 12800
1.938 12900
1.968 13000
1.985 13100
2.032 13200
2.063 13300
2.094 13400
2.141 13500
2.172 13600
2.203 13700
2.234 13800
2.25 13900
2.296 14000
2.328 14100
2.375 14200
2.391 14300
2.421 14400
2.485 14500
2.5 14600
2.547 14700
2.578 14800
2.61 14900
2.64 15000
2.688 15100
2.703 15200
2.75 15300
2.797 15400
2.812 15500
2.875 15600
2.906 15700
2.938 15800
2.984 15900
3.015 16000
3.046 16100
3.109 16200
3.141 16300
3.188 16400
3.234 16500
3.265 16600
3.313 16700
3.36 16800
3.375 16900
3.437 17000
3.453 17100
3.516 17200
3.547 17300
3.609 17400
3.641 17500
3.688 17600
3.734 17700
3.781 17800
3.844 17900
3.875 18000
3.922 18100
3.985 18200
4 18300
4.062 18400
4.109 18500
4.172 18600
4.187 18700
4.25 18800
4.313 18900
4.359 19000
4.406 19100
4.453 19200
4.484 19300
4.547 19400
4.687 19500
4.656 19600
4.703 19700
4.75 19800
4.812 19900
4.875 20000
4.922 20100
4.969 20200
5.031 20300
5.093 20400
5.125 20500
5.187 20600
5.25 20700
5.313 20800
5.359 20900
5.422 21000
5.469 21100
5.531 21200
5.625 21300
5.656 21400
5.765 21500
5.765 21600
5.813 21700
5.875 21800
6 21900
5.984 22000
6.219 22100
6.11 22200
6.156 22300
6.235 22400
6.297 22500
6.344 22600
6.437 22700
6.484 22800
6.547 22900
6.609 23000
6.656 23100
6.718 23200
6.765 23300
6.828 23400
6.906 23500
6.969 23600
7.047 23700
7.11 23800
7.171 23900
7.218 24000
7.297 24100
7.375 24200
7.438 24300
7.5 24400
7.563 24500
9.141 24600
7.687 24700
7.75 24800
7.843 24900
7.89 25000
7.969 25100
8.047 25200
8.219 25300
8.172 25400
8.234 25500
8.313 25600
8.359 25700
8.453 25800
8.532 25900
8.61 26000
8.672 26100
8.734 26200
8.781 26300
8.984 26400
8.922 26500
9.016 26600
9.078 26700
9.157 26800
9.329 26900
9.468 27000
9.407 27100
9.484 27200
9.563 27300
9.625 27400
9.703 27500
9.781 27600
9.875 27700
9.937 27800
10.016 27900
10.093 28000
10.125 28100
10.203 28200
10.344 28300
10.344 28400
10.438 28500
10.531 28600
10.594 28700
10.704 28800
10.938 28900
10.844 29000
10.938 29100
11 29200
11.062 29300
11.235 29400
11.234 29500
11.344 29600
11.39 29700
11.5 29800
11.578 29900
11.703 30000
11.703 30100
11.859 30200
11.906 30300
12 30400
12.062 30500
12.141 30600
12.203 30700
12.281 30800
12.422 30900
12.875 31000
12.531 31100
12.671 31200
12.734 31300
12.844 31400
12.938 31500
13.656 31600
13.094 31700
13.188 31800
13.313 31900
13.391 32000
13.468 32100
13.5 32200
13.594 32300
13.704 32400
13.843 32500
13.922 32600
13.969 32700
14.078 32800
14.172 32900
14.266 33000
14.328 33100
14.422 33200
14.531 33300
14.641 33400
14.734 33500
14.828 33600
15.25 33700
14.984 33800
15.141 33900
15.203 34000
15.344 34100
15.547 34200
15.469 34300
15.609 34400
15.672 34500
15.781 34600
15.859 34700
15.953 34800
16.047 34900
16.203 35000
16.297 35100
16.344 35200
16.485 35300
16.532 35400
16.656 35500
16.875 35600
17.156 35700
16.953 35800
17.093 35900
17.219 36000
17.234 36100
17.344 36200
17.515 36300
17.671 36400
17.781 36500
17.812 36600
17.859 36700
18.016 36800
18.141 36900
18.422 37000
18.36 37100
18.531 37200
18.515 37300
18.781 37400
18.75 37500
18.812 37600
18.906 37700
19.079 37800
19.141 37900
19.297 38000
19.438 38100
19.468 38200
19.781 38300
19.75 38400
19.828 38500
21.25 38600
20.094 38700
20.546 38800
20.593 38900
20.328 39000
20.516 39100
20.625 39200
20.672 39300
20.781 39400
21 39500
21.015 39600
21.11 39700
21.297 39800
21.312 39900
21.453 40000
21.625 40100
21.735 40200
21.969 40300
21.968 40400
22.313 40500
22.156 40600
22.484 40700
22.438 40800
22.578 40900
22.593 41000
22.719 41100
22.891 41200
22.937 41300
23.109 41400
23.25 41500
23.484 41600
23.469 41700
23.64 41800
23.703 41900
23.781 42000
23.891 42100
24.36 42200
24.187 42300
25.562 42400
24.36 42500
24.547 42600
24.703 42700
24.765 42800
25.031 42900
25.062 43000
26.391 43100
25.297 43200
25.343 43300
25.531 43400
25.625 43500
25.781 43600
25.89 43700
26.015 43800
26.078 43900
26.297 44000
26.375 44100
26.578 44200
26.688 44300
26.719 44400
26.891 44500
27.281 44600
28.297 44700
27.313 44800
27.438 44900
27.485 45000
27.609 45100
27.844 45200
27.969 45300
28.078 45400
28.093 45500
28.234 45600
30.735 45700
29.969 45800
28.734 45900
29.219 46000
28.907 46100
29.14 46200
35.328 46300
29.625 46400
30.828 46500
29.641 46600
30.984 46700
29.875 46800
30.047 46900
30.922 47000
30.359 47100
30.438 47200
30.516 47300
30.703 47400
30.797 47500
30.922 47600
31.5 47700
32.531 47800
31.438 47900
31.532 48000
31.828 48100
31.859 48200
32.203 48300
32.094 48400
32.187 48500
32.515 48600
32.469 48700
32.594 48800
32.859 48900
33.015 49000
33.25 49100
33.859 49200
33.343 49300
33.437 49400
33.578 49500
33.766 49600
35.656 49700
33.953 49800
34.156 49900
34.922 50000
34.437 50100
34.703 50200
34.782 50300
36.125 50400
35.032 50500
35.156 50600
35.407 50700
35.422 50800
35.797 50900
35.953 51000
35.953 51100
36.14 51200
36.609 51300
36.765 51400
37.984 51500
36.703 51600
36.844 51700
37.016 51800
37.171 51900
37.546 52000
38.125 52100
38.547 52200
37.688 52300
37.796 52400
38.047 52500
38.219 52600
38.203 52700
38.453 52800
38.672 52900
38.781 53000
38.859 53100
40.297 53200
40.532 53300
39.61 53400
39.578 53500
39.797 53600
39.781 53700
39.984 53800
41.516 53900
41.578 54000
40.406 54100
41.86 54200
42.047 54300
40.843 54400
41.031 54500
42.563 54600
45.016 54700
42.797 54800
41.734 54900
44.453 55000
43.437 55100
42.109 55200
43.688 55300
42.468 55400
44.875 55500
42.735 55600
45.5 55700
43.062 55800
44.422 55900
45.984 56000
46.282 56100
46.313 56200
48.39 56300
45.266 56400
45.531 56500
45.61 56600
45.312 56700
45.953 56800
45.547 56900
45.344 57000
45.25 57100
47.172 57200
45.64 57300
46.078 57400
45.891 57500
46 57600
46.141 57700
47.734 57800
46.625 57900
49.187 58000
46.938 58100
50.843 58200
47.375 58300
50.391 58400
49.062 58500
48.968 58600
47.859 58700
54.891 58800
48.5 58900
48.266 59000
51.063 59100
49.969 59200
51.484 59300
49.125 59400
50.437 59500
49.344 59600
50.765 59700
49.797 59800
51.078 59900
54.453 60000
52.672 60100
51.64 60200
57.062 60300
55.766 60400
52.391 60500
54.859 60600
53.829 60700
51.531 60800
52.844 60900
68.657 61000
52.078 61100
52.25 61200
52.422 61300
52.578 61400
52.797 61500
52.985 61600
53.25 61700
53.297 61800
53.344 61900
54.047 62000
53.922 62100
54.109 62200
54.156 62300
62.313 62400
55.719 62500
55.719 62600
55 62700
55.219 62800
56.407 62900
56.438 63000
57.077 63100
56.86 63200
58.031 63300
56.593 63400
56.703 63500
56.812 63600
57.453 63700
57.281 63800
57.438 63900
57.281 64000
57.515 64100
57.687 64200
57.953 64300
58.015 64400
58.218 64500
58.61 64600
58.922 64700
59.14 64800
59.468 64900
59.375 65000
59.344 65100
59.468 65200
59.735 65300
60.079 65400
60.047 65500
60.485 65600
60.469 65700
60.688 65800
60.969 65900
61.032 66000
61.281 66100
61.359 66200
61.688 66300
61.875 66400
62.015 66500
62.235 66600
62.5 66700
62.625 66800
63.016 66900
63.156 67000
63.156 67100
63.39 67200
63.813 67300
64.14 67400
64.016 67500
64.25 67600
64.594 67700
64.641 67800
64.953 67900
65 68000
65.453 68100
65.641 68200
65.64 68300
65.922 68400
66.016 68500
66.297 68600
66.547 68700
66.656 68800
66.813 68900
67.047 69000
67.187 69100
67.531 69200
67.734 69300
67.797 69400
68.094 69500
68.234 69600
68.469 69700
68.797 69800
69.11 69900
69.078 70000
69.422 70100
69.563 70200
69.64 70300
69.953 70400
70.156 70500
71.562 70600
70.766 70700
70.969 70800
70.906 70900
71.406 71000
71.594 71100
71.671 71200
71.906 71300
72.219 71400
72.359 71500
72.391 71600
72.703 71700
73 71800
73.141 71900
73.312 72000
73.547 72100
73.937 72200
73.891 72300
74.328 72400
74.297 72500
74.703 72600
74.922 72700
75.031 72800
75.36 72900
75.5 73000
75.797 73100
75.844 73200
76.156 73300
76.36 73400
76.64 73500
76.765 73600
76.969 73700
77.141 73800
77.484 73900
77.828 74000
77.891 74100
78.265 74200
78.468 74300
78.734 74400
79.078 74500
79.281 74600
79.797 74700
79.938 74800
80.031 74900
80.406 75000
80.359 75100
80.406 75200
80.578 