2.062 10000
2.031 10100
2.125 10200
2.172 10300
2.171 10400
2.266 10500
2.234 10600
2.219 10700
2.297 10800
2.438 10900
2.5 11000
2.484 11100
2.672 11200
2.656 11300
2.593 11400
2.625 11500
2.813 11600
3.094 11700
2.828 11800
2.922 11900
3.203 12000
3.156 12100
3.172 12200
3.203 12300
3.344 12400
3.188 12500
3.328 12600
3.328 12700
3.454 12800
4.375 12900
3.36 13000
3.609 13100
3.687 13200
3.578 13300
3.562 13400
3.906 13500
3.719 13600
3.781 13700
4.172 13800
3.89 13900
4.297 14000
4.109 14100
4.078 14200
4.109 14300
4.344 14400
4.578 14500
4.593 14600
4.437 14700
4.453 14800
4.469 14900
5.047 15000
4.812 15100
4.781 15200
4.797 15300
4.891 15400
4.938 15500
5.344 15600
5.156 15700
5.219 15800
5.125 15900
5.5 16000
5.344 16100
5.688 16200
5.641 16300
5.64 16400
5.703 16500
6 16600
5.906 16700
6.547 16800
6.031 16900
6.313 17000
6.047 17100
6.594 17200
6.391 17300
6.969 17400
6.484 17500
6.672 17600
6.953 17700
6.984 17800
6.734 17900
7.265 18000
6.953 18100
7.218 18200
7.047 18300
7.172 18400
7.781 18500
7.328 18600
7.5 18700
7.954 18800
7.375 18900
7.781 19000
8.031 19100
8.094 19200
8.047 19300
8.203 19400
8.047 19500
8.406 19600
8.578 19700
8.734 19800
8.532 19900
8.657 20000
9.015 20100
9.125 20200
8.829 20300
9.094 20400
9.203 20500
9.203 20600
9.438 20700
9.203 20800
9.625 20900
9.813 21000
10.312 21100
10.047 21200
9.953 21300
10.25 21400
10.156 21500
10.766 21600
10.766 21700
10.343 21800
10.656 21900
11.141 22000
10.968 22100
10.609 22200
10.86 22300
11.593 22400
10.875 22500
11.375 22600
11.782 22700
11.203 22800
11.984 22900
11.766 23000
12.438 23100
12 23200
12.328 23300
11.953 23400
12.578 23500
13.11 23600
12.859 23700
12.64 23800
12.907 23900
13.453 24000
12.797 24100
13.89 24200
13.031 24300
13.703 24400
14.156 24500
13.391 24600
14.328 24700
13.766 24800
14.438 24900
13.954 25000
14.234 25100
14.375 25200
14.953 25300
15.078 25400
15.078 25500
15.437 25600
14.922 25700
14.844 25800
15.734 25900
14.843 26000
15.703 26100
15.453 26200
16.094 26300
16.125 26400
16.016 26500
16.515 26600
16.954 26700
16.312 26800
16.625 26900
16.813 27000
16.953 27100
17.719 27200
17.578 27300
17.328 27400
17.39 27500
17.641 27600
17.719 27700
17.641 27800
18.156 27900
18.485 28000
19.297 28100
17.922 28200
18.406 28300
18.875 28400
18.625 28500
18.641 28600
18.984 28700
18.953 28800
18.75 28900
19.266 29000
19.828 29100
19.328 29200
19.969 29300
20.828 29400
19.985 29500
19.703 29600
20.672 29700
20.39 29800
20.969 29900
20.859 30000
20.25 30100
20.891 30200
20.937 30300
22.797 30400
21.188 30500
21.984 30600
21.906 30700
21.782 30800
21.828 30900
22.843 31000
22.063 31100
22.579 31200
23.047 31300
23.187 31400
23.093 31500
23.766 31600
24.141 31700
24.547 31800
26.875 31900
25.281 32000
23.11 32100
24.891 32200
26.125 32300
25 32400
24.578 32500
25.843 32600
26.719 32700
26.719 32800
24.859 32900
27.484 33000
26.187 33100
25.719 33200
26.265 33300
27.093 33400
28.125 33500
27.109 33600
29.594 33700
26.625 33800
27.453 33900
27.125 34000
27.171 34100
27.937 34200
28.969 34300
28.359 34400
29.469 34500
28.438 34600
28.891 34700
31.719 34800
28.985 34900
28.531 35000
29.766 35100
30.828 35200
30.531 35300
29.343 35400
30 35500
31.156 35600
30.219 35700
30.797 35800
32.407 35900
30.359 36000
30.688 36100
31.078 36200
31.672 36300
31.36 36400
30.547 36500
32.11 36600
33.282 36700
31.188 36800
34.968 36900
33.39 37000
34.578 37100
34.563 37200
33.313 37300
34.844 37400
34.11 37500
34.141 37600
33.547 37700
34.078 37800
34.515 37900
34.156 38000
34.359 38100
36.204 38200
35.094 38300
35.469 38400
35.656 38500
35.406 38600
35.297 38700
38.985 38800
36.188 38900
37.125 39000
37.672 39100
37.453 39200
38.375 39300
36.782 39400
39.297 39500
39.156 39600
38.687 39700
39.031 39800
37.797 39900
39.079 40000
38.078 40100
38.875 40200
38.64 40300
38.875 40400
39.328 40500
39.828 40600
38.281 40700
40.203 40800
40.657 40900
41.985 41000
42.094 41100
40.547 41200
41.703 41300
43.391 41400
42.218 41500
45.281 41600
41.843 41700
42.641 41800
43.5 41900
43.125 42000
42.468 42100
43.094 42200
43.359 42300
43.547 42400
45.25 42500
45.812 42600
47.188 42700
46.031 42800
45.875 42900
45.391 43000
46.765 43100
46.516 43200
45.75 43300
45.657 43400
48.5 43500
48.141 43600
45.938 43700
46.891 43800
47.313 43900
48.266 44000
49.641 44100
49.485 44200
49.375 44300
53.203 44400
49.984 44500
48.063 44600
49.375 44700
51.922 44800
49.265 44900
51.234 45000
53.532 45100
52.375 45200
51.922 45300
50.5 45400
51.469 45500
49.344 45600
51.625 45700
52.281 45800
52.5 45900
54.562 46000
52.625 46100
51.969 46200
55.078 46300
56.828 46400
55.656 46500
53.5 46600
52.844 46700
53.031 46800
55.953 46900
55.5 47000
56.531 47100
55.203 47200
54.844 47300
55.391 47400
55.422 47500
56.75 47600
57.735 47700
56.156 47800
59.5 47900
54.625 48000
58.125 48100
56.032 48200
58.141 48300
57.187 48400
61.485 48500
59.657 48600
59.672 48700
58.453 48800
60.906 48900
59.844 49000
60.078 49100
62.86 49200
59.547 49300
60.609 49400
60.265 49500
63.5 49600
62.078 49700
65.766 49800
63.782 49900
61.734 50000
62.344 50100
64.14 50200
67.578 50300
65.484 50400
64.781 50500
65.813 50600
65.312 50700
63.828 50800
64.313 50900
66.813 51000
66.765 51100
66.563 51200
66.469 51300
67.36 51400
67.594 51500
69.422 51600
67.968 51700
70.187 51800
67.907 51900
67.172 52000
67.016 52100
69.453 52200
68.359 52300
70.766 52400
71.25 52500
69.313 52600
70.203 52700
70.766 52800
71.937 52900
68.735 53000
73.5 53100
72.515 53200
73.25 53300
69.5 53400
72.016 53500
78 53600
76.266 53700
72.094 53800
72.734 53900
78.016 54000
77.016 54100
77.562 54200
72.984 54300
77.032 54400
72.469 54500
76.906 54600
84.468 54700
77.047 54800
76.766 54900
79.235 55000
80.391 55100
81.094 55200
84.734 55300
79.219 55400
78.469 55500
80.312 55600
88.766 55700
77.906 55800
83.812 55900
84.188 56000
79.703 56100
79.437 56200
84.813 56300
82.734 56400
82.813 56500
85.109 56600
81.641 56700
85.453 56800
83 56900
82.703 57000
79.203 57100
85.172 57200
83.485 57300
83.297 57400
84.953 57500
83.453 57600
82.937 57700
84.61 57800
86.484 57900
86.578 58000
89.937 58100
87.516 58200
87.344 58300
91.297 58400
87.328 58500
88.313 58600
92.297 58700
99.687 58800
89.875 58900
91.218 59000
93.391 59100
91.187 59200
94.375 59300
90.782 59400
93.36 59500
94.125 59600
95.703 59700
95.343 59800
94.859 59900
94.109 60000
117.25 60100
93.922 60200
93.906 60300
98.281 60400
96.578 60500
96.969 60600
98.718 60700
99.109 60800
98.922 60900
140 61000
95.875 61100
98.219 61200
98.016 61300
96.485 61400
99.281 61500
99.343 61600
101.5 61700
98.141 61800
95.094 61900
99.5 62000
100.375 62100
99.672 62200
97.188 62300
100.391 62400
101.218 62500
105.078 62600
100.015 62700
106.328 62800
103.937 62900
108.593 63000
106.25 63100
108.5 63200
104.828 63300
104.5 63400
101.328 63500
103.609 63600
100.406 63700
108.344 63800
105.546 63900
110.343 64000
105.438 64100
102.891 64200
103.157 64300
110.032 64400
106.407 64500
103.125 64600
106.906 64700
114.407 64800
106.766 64900
109.703 65000
104.359 65100
110.891 65200
109.187 65300
114.328 65400
112.312 65500
110.843 65600
113.188 65700
114.922 65800
108.469 65900
109.14 66000
118.375 66100
110.125 66200
111.812 66300
114.938 66400
111.235 66500
110.687 66600
115.438 66700
114.266 66800
112.219 66900
120.031 67000
112.953 67100
118.938 67200
116.375 67300
114.016 67400
117.172 67500
116.875 67600
116.484 67700
118.031 67800
118.672 67900
116.813 68000
125.766 68100
118.156 68200
116.828 68300
119.844 68400
118.797 68500
121.937 68600
129.125 68700
120.078 68800
123.016 68900
120.203 69000
123.344 69100
123.547 69200
123.641 69300
123.266 69400
132.016 69500
124.454 69600
130.687 69700
127.656 69800
126.406 69900
128.375 70000
123.125 70100
131.172 70200
125.641 70300
126.797 70400
131.797 70500
126.75 70600
129.14 70700
128.031 70800
136.813 70900
129.078 71000
126.016 71100
130.125 71200
127.75 71300
129.906 71400
136.657 71500
130.921 71600
133.516 71700
130.359 71800
130 71900
132.422 72000
135.015 72100
131.125 72200
136.937 72300
137.547 72400
133.875 72500
135.313 72600
134.203 72700
138.485 72800
135.75 72900
139.89 73000
134.969 73100
135.312 73200
138.25 73300
143.187 73400
146.532 73500
141.141 73600
139.094 73700