1.297 10000
1.313 10100
1.313 10200
1.344 10300
1.391 10400
1.407 10500
1.453 10600
1.468 10700
1.484 10800
1.547 10900
1.547 11000
1.578 11100
1.609 11200
1.641 11300
1.672 11400
1.703 11500
1.719 11600
1.765 11700
1.781 11800
1.843 11900
1.859 12000
1.891 12100
1.922 12200
1.953 12300
2.015 12400
2.031 12500
2.062 12600
2.11 12700
2.453 12800
2.156 12900
2.188 13000
2.234 13100
2.265 13200
2.297 13300
2.328 13400
2.375 13500
2.406 13600
2.438 13700
2.469 13800
2.532 13900
2.547 14000
2.61 14100
2.625 14200
2.672 14300
2.719 14400
2.75 14500
2.782 14600
2.844 14700
2.859 14800
2.906 14900
2.938 15000
2.969 15100
3.031 15200
3.078 15300
3.109 15400
3.156 15500
3.188 15600
3.219 15700
3.281 15800
3.313 15900
3.36 16000
3.407 16100
3.453 16200
3.484 16300
3.547 16400
3.594 16500
3.641 16600
3.687 16700
3.734 16800
3.797 16900
3.828 17000
3.875 17100
3.921 17200
3.969 17300
4.032 17400
4.047 17500
4.109 17600
4.157 17700
4.219 17800
4.266 17900
4.329 18000
4.359 18100
4.437 18200
4.469 18300
4.516 18400
4.579 18500
4.625 18600
4.688 18700
4.718 18800
4.797 18900
4.844 19000
5.172 19100
4.953 19200
5.016 19300
5.078 19400
5.188 19500
5.188 19600
5.25 19700
5.328 19800
5.344 19900
5.422 20000
5.484 20100
5.531 20200
5.578 20300
5.657 20400
5.719 20500
5.781 20600
5.828 20700
5.875 20800
5.938 20900
6.015 21000
6.094 21100
6.156 21200
6.219 21300
6.266 21400
6.594 21500
6.36 21600
6.453 21700
6.516 21800
6.578 21900
6.657 22000
6.719 22100
6.765 22200
6.844 22300
6.906 22400
6.984 22500
7.469 22600
7.11 22700
7.188 22800
7.265 22900
7.422 23000
7.391 23100
7.438 23200
7.532 23300
7.594 23400
7.672 23500
7.75 23600
7.797 23700
7.89 23800
7.954 23900
8.016 24000
8.125 24100
8.141 24200
8.281 24300
8.297 24400
8.375 24500
8.453 24600
8.547 24700
8.578 24800
8.953 24900
9.344 25000
8.812 25100
9.047 25200
8.984 25300
9.047 25400
9.125 25500
9.203 25600
9.266 25700
9.344 25800
9.422 25900
9.531 26000
9.578 26100
9.703 26200
9.735 26300
9.828 26400
9.937 26500
9.969 26600
10.062 26700
10.156 26800
10.265 26900
10.297 27000
10.406 27100
10.531 27200
10.656 27300
10.657 27400
10.766 27500
10.812 27600
10.875 27700
10.985 27800
11.078 27900
11.094 28000
11.203 28100
11.297 28200
11.359 28300
11.453 28400
11.531 28500
11.609 28600
11.719 28700
11.906 28800
11.906 28900
12.468 29000
12.078 29100
12.156 29200
12.25 29300
12.344 29400
12.406 29500
12.531 29600
12.657 29700
12.703 29800
12.797 29900
12.891 30000
12.968 30100
13.063 30200
13.172 30300
13.266 30400
13.344 30500
13.406 30600
13.5 30700
13.578 30800
13.891 30900
14 31000
14.094 31100
13.985 31200
14.047 31300
14.188 31400
14.297 31500
14.328 31600
14.734 31700
14.796 31800
14.672 31900
14.75 32000
14.844 32100
14.89 32200
15 32300
15.125 32400
15.204 32500
15.36 32600
15.484 32700
15.547 32800
15.641 32900
15.734 33000
15.844 33100
15.922 33200
16.016 33300
16.156 33400
16.266 33500
16.36 33600
16.468 33700
16.532 33800
16.781 33900
16.782 34000
16.875 34100
17.031 34200
17.109 34300
17.157 34400
17.265 34500
17.422 34600
17.453 34700
17.609 34800
17.75 34900
17.859 35000
17.984 35100
18.125 35200
18.203 35300
18.328 35400
18.406 35500
18.547 35600
18.625 35700
18.703 35800
18.844 35900
18.969 36000
19.016 36100
19.156 36200
19.344 36300
19.36 36400
19.484 36500
19.578 36600
19.672 36700
20.25 36800
19.969 36900
19.985 37000
20.187 37100
20.266 37200
20.657 37300
20.516 37400
20.656 37500
20.703 37600
21.297 37700
21.015 37800
21.141 37900
21.234 38000
21.593 38100
21.547 38200
21.531 38300
21.735 38400
21.844 38500
21.891 38600
22.109 38700
22.266 38800
22.282 38900
22.453 39000
22.781 39100
22.812 39200
22.75 39300
22.859 39400
23.063 39500
23.11 39600
23.343 39700
23.422 39800
23.5 39900
23.593 40000
23.828 40100
24 40200
24.047 40300
24.282 40400
24.172 40500
24.516 40600
24.485 40700
24.671 40800
24.844 40900
24.953 41000
25.094 41100
25.125 41200
26.047 41300
25.407 41400
25.532 41500
25.735 41600
25.75 41700
27.328 41800
26.063 41900
26.141 42000
26.312 42100
27 42200
26.547 42300
26.688 42400
26.828 42500
27.016 42600
27.203 42700
27.438 42800
28.813 42900
27.563 43000
27.687 43100
27.797 43200
28.125 43300
28 43400
28.218 43500
28.765 43600
28.985 43700
28.625 43800
29.078 43900
28.859 44000
29 44100
29.172 44200
29.312 44300
29.641 44400
29.718 44500
29.672 44600
29.906 44700
30.219 44800
30.203 44900
30.218 45000
30.359 45100
30.609 45200
30.688 45300
30.797 45400
30.922 45500
31.235 45600
31.531 45700
31.453 45800
31.594 45900
31.781 46000
31.765 46100
31.953 46200
40.828 46300
32.282 46400
33.813 46500
32.531 46600
32.656 46700
32.938 46800
33.14 46900
33.078 47000
33.407 47100
33.594 47200
34.921 47300
33.703 47400
33.937 47500
34.063 47600
34.953 47700
35.625 47800
34.468 47900
35.937 48000
34.735 48100
34.859 48200
35.328 48300
35.328 48400
35.359 48500
36.11 48600
36.031 48700
35.938 48800
36.344 48900
36.094 49000
36.266 49100
36.984 49200
36.579 49300
36.954 49400
36.953 49500
37.094 49600
37.375 49700
37.562 49800
37.5 49900
37.578 50000
38.422 50100
37.969 50200
38.171 50300
38.391 50400
38.531 50500
38.719 50600
38.937 50700
39.047 50800
39.172 50900
39.203 51000
40.25 51100
39.579 51200
39.875 51300
39.875 51400
40.032 51500
40.297 51600
40.328 51700
40.844 51800
40.641 51900
40.844 52000
41.594 52100
41.906 52200
41.406 52300
41.657 52400
41.813 52500
42.031 52600
42.156 52700
47.438 52800
42.406 52900
42.906 53000
42.688 53100
42.984 53200
43.25 53300
43.234 53400
43.406 53500
43.5 53600
43.703 53700
45.172 53800
45.375 53900
45.75 54000
46.922 54100
44.484 54200
44.719 54300
45.844 54400
46.297 54500
58.578 54600
46.719 54700
45.5 54800
46.891 54900
48.453 55000
48.719 55100
47.703 55200
47.75 55300
47.891 55400
48.578 55500
47.265 55600
48.313 55700
49.657 55800
48.687 55900
49.016 56000
49.453 56100
49.359 56200
49.5 56300
48.672 56400
48.625 56500
50.14 56600
50.219 56700
49.422 56800
49.328 56900
49.828 57000
49.703 57100
50.172 57200
51.219 57300
50.094 57400
50.516 57500
51 57600
53.25 57700
52.688 57800
51.016 57900
52.532 58000
52.796 58100
51.719 58200
52.906 58300
51.828 58400
53.969 58500
53.578 58600
54.891 58700
55.234 58800
53.609 58900
55.594 59000
54.515 59100
54.219 59200
56.063 59300
54.953 59400
55.25 59500
56.969 59600
58.438 59700
58.469 59800
58.516 59900
57.172 60000
55.203 60100
58.485 60200
58.063 60300
55.765 60400
60.891 60500
57.266 60600
60.109 60700
59.5 60800
64.375 60900
61.547 61000
57.093 61100
57.281 61200
57.515 61300
57.64 61400
58.172 61500
58.047 61600
58.296 61700
58.531 61800
58.531 61900
58.937 62000
59.203 62100
59.219 62200
59.344 62300
61.672 62400
62.094 62500
60.828 62600
60.547 62700
61.718 62800
62.687 62900
62.469 63000
63.469 63100
66.671 63200
63.813 63300
62.11 63400
62.313 63500
62 63600
62.657 63700
62.969 63800
62.969 63900
62.859 64000
63.219 64100
63.281 64200
63.468 64300
63.828 64400
63.907 64500
64.047 64600
64.797 64700
64.922 64800
65.109 64900
64.937 65000
65.203 65100
65.438 65200
65.625 65300
65.687 65400
65.922 65500
66.093 65600
66.297 65700
66.562 65800
66.812 65900
66.89 66000
67.063 66100
67.484 66200
67.562 66300
67.906 66400
68.032 66500
68.421 66600
68.453 66700
68.562 66800
69.031 66900
68.985 67000
69.312 67100
69.406 67200
69.766 67300
69.922 67400
70.109 67500
70.359 67600
70.812 67700
70.781 67800
71.125 67900
71.547 68000
71.422 68100
71.75 68200
72 68300
72.109 68400
72.312 68500
72.641 68600
72.953 68700
73.063 68800
73.484 68900
73.391 69000
73.703 69100
73.922 69200
74.187 69300
74.391 69400
74.656 69500
74.859 69600
75.094 69700
75.359 69800
75.5 69900
75.969 70000
76.031 70100
76.484 70200
76.328 70300
76.829 70400
76.766 70500
77.141 70600
77.328 70700
77.609 70800
78 70900
78.016 71000
79.203 71100
78.516 71200
78.937 71300
79.094 71400
79.313 71500
79.313 71600
80.5 71700
79.937 71800
80.046 71900
80.422 72000
80.657 72100
80.75 72200
81 72300
81.36 72400
81.532 72500
81.735 72600
81.89 72700
82.312 72800
82.437 72900
82.766 73000
82.937 73100
83.203 73200
83.312 73300
83.765 73400
84 73500
84.203 73600
84.437 73700
84.468 73800
84.813 73900
84.953 74000
85.359 74100
85.563 74200
86.047 74300
86.032 74400
86.547 74500
86.609 74600
87.375 74700
87.64 74800
87.922 74900
88.156 75000
88.016 